Source,Target,value,nb_transactions
5256,28578,3024618,1
777Coin.com,4,2977646,1
70482196,69278223,609972588,1
69409245,69330467,6650964,1
SlushPool.com,883,5160634834,2
Poloniex.com,20293,1681527837,2
PocketDice.io,1294,1371257,1
Kano.is,7219,15021017778,6
454,59065,60316395177,38
271437,Xapo.com,40548885,3
3312,0,557654,1
40948331,0,480844094,1
Exchanging.ir,SatoshiMines.com,81007074,1
48009518,2506,990721665,1
FaucetBOX.com,154,22036889,1
3649592,5308530,11205038,1
2289399,1747,992444916,7
59589,290,19054316400,6
71554939,700,9639288,1
72733751,421,10138307,1
70979540,860,28978919,1
1654888,5959635,422500069,1
73517215,49,41385482,1
SecondsTrade.com,5267096,1402073,1
175,60,1499988800,1
20158538,BTC-e.com,48355711,1
70429474,72314955,130035856,1
73806395,CoinTrader.net_LocalBitcoins.com,250156300,1
67991233,73336518,257990000,1
Poloniex.com,72786173,901592832,1
1054,999Dice.com,5836341,2
72812733,170,327497800,2
69486550,237443,471131160,1
1654888,70482233,472911810,1
71292774,513,2328917,1
Kano.is,Cex.io,105147124446,42
73336533,107,5310889461,3
70560046,70586820,33973713,1
52841915,233,11403885,1
3504685,3179,98151100,1
0,13637,48033285,1
Hashnest.com,912,42800073,1
0,2630,31961192,1
72943763,289,139352700,3
Bitstamp.net,73949018,2168988308,3
1598,7369,1500000000,1
129,269,10364268,3
999Dice.com,ePay.info_CoinJoinMess,246429,2
Xapo.com,CoinGaming.io,18564109601,7
45048181,71369879,616066308,3
70717310,73571556,2786382,1
201065,Zyado.com,228090000,1
Kano.is,Bleutrade.com,30042035556,12
4395,Huobi.com,15938557042,9
289,290,280439975,1
129629,Cubits.com,9019,1
72967800,Xapo.com,1164338,1
72025924,96,82250974,1
51375,11002526,119970000,3
Poloniex.com,Vircurex.com,13161305697,2
131,Xapo.com,2851361,1
HolyTransaction.com,CoinPayments.net,4810000,1
566,ePay.info_CoinJoinMess,2000259,1
74068335,CoinKite.com,22446601,1
2306049,Xapo.com,9041380,1
390063,3473,2130000,1
227,Poloniex.com,9103053,1
5569060,71869088,208199,1
Bitcoin.de,Cryptopay.me,2499698240,1
118992,47137,4103581524,1
37466172,BTC-e.com,4484738086,6
70534041,69356979,459228550,1
73963652,73047743,139245805,2
71213818,9767926,65701211,3
50998,52468,681048042,1
60,193086,8633784016,1
69173924,71319609,5108000,1
PocketDice.io,3368,1193513,1
69591716,1022532,440659228,1
73623596,69278079,241456939,1
73988566,16971,17984860,1
1022532,CoinTrader.net_LocalBitcoins.com,585531205,3
74327403,Matbea.com,20493992,1
5542047,3957,1879042600,1
Poloniex.com,170,56277760630,7
906,Poloniex.com,1369810149,1
73388279,71293840,13754071,2
0,1227,14838032,2
73205620,Bittrex.com,10629436,1
71947360,BTC-e.com,1071345577,1
72524240,Huobi.com,35240408,1
354,1144,2577235044,4
Poloniex.com,15549,9990878237,5
821,131,7851161589,6
42844,269,3070704,2
Bitstamp.net,72907925,2383990408,1
454,93094,209341299728,6
72943862,Cubits.com,58465114,5
69591713,51292,200066388,1
809,73753614,4881100067,1
72760319,71032462,6427584,1
73466970,Xapo.com,34647067,2
0,735,27421,1
25695512,74199859,240149465,1
71554939,16621,151228806,2
51094,Luno.com,3684430000,2
HolyTransaction.com,1582,1996930,1
5380598,71633185,21771219,1
PocketDice.io,227,3463965,1
2566,290,6938829,1
1138,Xapo.com,11001358,1
33746,Xapo.com,17273300,1
Hashnest.com,417,3144447,1
Poloniex.com,HolyTransaction.com,5916298246,2
100411,290,19100000,1
73649821,69618348,128491635,1
BitcoinWallet.com,BTCCPool,116129685,1
10317,1872,4363700260,1
HolyTransaction.com,233,3381310,3
16756080,BTC-e.com,134335639,1
46463740,883,12771296,1
361,LocalBitcoins.com,306970000,1
37595,354,4679194,2
72603436,Poloniex.com,166735001,1
69304238,315,4028829,1
Kano.is,Luno.com,45063053334,18
70063369,NucleusMarket,424830539,2
Xapo.com,SatoshiDice.com,2678595929,1
16962,891,4357154,1
2344864,1747,1353421671,13
1654888,417,492595107,1
31707,Poloniex.com,92600589,1
405610,HitBtc.com,195771140,1
405610,3368,195771140,1
BitBargain.co.uk,2624,310524586,2
CoinKite.com,Cex.io,14434700,1
ePay.info_CoinJoinMess,74303908,4564722,1
SpectroCoin.com,5540,5781058698,4
28927,Huobi.com,461023754,1
72314955,73832987,6529475,1
Bitbond.com,122,37368473,1
405610,629,978855700,5
351,421,23808916,2
72311358,860,49090000,1
PocketDice.io,16621,1370000,1
Crypto-Games.net,4,7878009,3
52540,52031,78037179,1
6931,60,1201460000,1
70482085,49,13894687,1
6075,25600,14501000008,1
60,69381804,999990779,1
ePay.info_CoinJoinMess,468,16260702,1
FortuneJack.com,421,3674524,2
BitVC.com,OkLink.com,18937800,1
Hashnest.com,ePay.info_CoinJoinMess,1724475,1
72419170,51262,103390000,1
1732014,BitAces.me,1410000,1
71816350,71371661,1955109307,1
Xapo.com,578,13025274981,5
59065,15523721,8048190061,3
Kano.is,BTC-e.com,468138991918,187
Purse.io,Poloniex.com,71609991,1
69147641,70743888,150714346,2
5451352,28202584,1140609192,1
71658765,Paxful.com,293830620,6
Xapo.com,69644715,2581270299,1
42724417,1747,665100021,1
13885298,405610,61110328,1
70272336,NucleusMarket,2790224871,1
FaucetBOX.com,175,39469006,2
70742958,71816597,12335020,1
70031908,7,162926500,5
ePay.info_CoinJoinMess,201065,233532136,1
73336533,Bitcoin.de,1714968046,1
486014,4,569950000,1
605,Bter.com,1218810911,5
71554939,BTC-e.com,70314413,2
354,10438691,1470048838,2
69376769,74330513,148194731,1
118992,2725849,6631542242,1
70063369,LocalBitcoins.com,495031101,1
ePay.info_CoinJoinMess,HelixMixer,903284820,3
0,73048147,1602000,1
ePay.info_CoinJoinMess,61184934,86858306400,1
BX.in.th,OkLink.com,6554786437,11
CoinPayments.net,152,1738090478,21
70089222,8660,7047444665,27
73336533,497,1838610607,1
73387906,70612552,53247856,1
13137,354,237000076,4
73858714,OKCoin.com,18287791,1
72130580,80393,22718527,2
1941,Bter.com,64546,1
ePay.info_CoinJoinMess,1539,262190548879,8
70874933,290,64340000,1
50686,Xapo.com,108990000,1
72172042,7,8255898,1
PocketDice.io,1149,1720000,1
70796631,HolyTransaction.com,99960000,1
NucleusMarket,64755,439900000,1
69539683,999Dice.com,14650,1
354,OKCoin.com,984537849,2
73989670,69958432,19120404,1
Poloniex.com,18972,4065230623,4
BitcoinWallet.com,860,37151597,1
FaucetBOX.com,CoinKite.com,223630004,7
72103913,96,4563904,1
3368,Poloniex.com,13121309,1
2026252,Bittrex.com,299900000,1
3598099,LocalBitcoins.com,202894733,2
57,BitcoinWallet.com,11548719,2
19025117,999Dice.com,95184,1
72154967,33971,245290000,1
1477737,777,8323400,1
1654888,Bittrex.com,85254223,1
5276159,1747,16870710,1
PocketDice.io,HolyTransaction.com,10524728,6
Kano.is,29227,15021017778,6
419,6088,490000,1
5542047,72078282,210486636,1
70193751,69199948,18807973,1
70455422,513,195399,1
15464660,BTC-e.com,700899117,1
2237,Bittrex.com,2001163971,1
MoonBit.co.in,71163205,23649495,1
72262922,72891553,145741436,1
70953245,Poloniex.com,1753244,1
71633735,72340189,10242628,1
70770116,69589804,45859030,2
4805050,59362441,155437208,1
CoinJar.com,ePay.info_CoinJoinMess,92296353,1
20079623,7,155382509,1
NucleusMarket,105641,824190000,3
3368,3423,13121309,1
MeXBT.com,68859058,93167817,2
72339140,Paxful.com,730720000,3
954,326396,42199990000,1
1226470,7366,26173372,1
Xapo.com,6075,2580944472,1
15278773,LocalBitcoins.com,387290059,1
1228047,662,347517834,3
70115489,71866195,8504113,1
3187,ePay.info_CoinJoinMess,93768535,1
Huobi.com,5010,111097299,2
Igot.com,LocalBitcoins.com,890300001,1
52165,72419170,10080000,1
1396,72655394,4667220,1
1335,1144,99980000,1
1654888,70662350,397210710,1
Poloniex.com,Crypto-Games.net,11047095767,2
4338203,69984104,239408729,2
2373263,1017,27875775,1
71816350,891,2101149197,1
26954,454,235916449,1
FaucetBOX.com,72052093,129268472,1
MoonBit.co.in,189,204480700,1
52442,50557,7550000,1
NitrogenSports.eu,1769,1540720,1
405610,1469,391542280,2
Bitstamp.net,NucleusMarket,20151595062,3
71316907,BTC-e.com,11230351,2
1228047,2184,356651978,1
0,368,14894653,5
69801611,0,2275966296,1
Poloniex.com,1539,4999154278,3
35046709,16763875,49686597,1
195512,BTC-e.com,2298690,2
ePay.info_CoinJoinMess,772095,51668567,1
Genesis-Mining.com,5941,140653733,1
2237,371,1320000,1
61,Exmo.com,8305325,1
28243748,641,3732147378,2
405610,Bter.com,783084560,4
906,CoinGaming.io,2499956103,5
71528815,ePay.info_CoinJoinMess,965028,1
454,83665,79965377937,5
73179451,4730886,11884660000,1
5325883,0,15589412,1
PocketDice.io,0,222726725,75
Bitcurex.com,69338,6086038413,4
69513580,368,2404561,1
40097114,71215127,33752000,1
Kano.is,6075,12536785870,5
3368,35,13121309,1
28243748,Poloniex.com,3507046278,2
NucleusMarket,343,64900000,1
ePay.info_CoinJoinMess,71973590,86858306400,1
Huobi.com,0,21584318,1
Xapo.com,Igot.com,2747704101,1
ePay.info_CoinJoinMess,138118,86858306400,1
BitcoinWallet.com,BTC-e.com,7954893,1
66164817,70612396,6524993,1
SlushPool.com,69146689,2580317417,1
40948331,70638332,52550839,1
CoinPayments.net,12280,7044638,2
9236105,999Dice.com,353032,1
906,BTC-e.com,499991205,1
ePay.info_CoinJoinMess,233,258637038,3
53944833,331,2434220000,7
69591799,999Dice.com,1587004,1
72262922,70533940,92877790,1
0,SimpleCoin.cz,5048700,1
Xapo.com,71319723,4084576828,1
Rollin.io,4,11246919,7
52468,50898,15661082,1
72025812,Betcoin.tm,3805146,1
29122317,811,39190000,1
405610,292,195771140,1
12583,233,302912877,1
354,72707830,6165207396,4
69591287,BTCC.com,230766147,1
189,56125939,11514756,1
3053082,Bitstamp.net,2384586588,1
FortuneJack.com,1539,29972215,3
1654888,BitoEX.com,575772746,2
65565584,151245,13081030,1
CoinGaming.io,398,1403000929,3
FaucetBOX.com,150330,12650464,1
NucleusMarket,6103,128215780,2
FaucetBOX.com,73126948,8071016,1
Exchanging.ir,ePay.info_CoinJoinMess,1374827732,6
19982,Kraken.com,1021519672,1
641,Bittrex.com,1751234,1
Xapo.com,351,36815264032,13
73701721,69984672,97626718,1
69692690,Cryptonator.com,3069106,2
189,YoBit.net,18342092,1
PocketDice.io,73545461,4961509,1
FortuneJack.com,1227,600000000,1
999Dice.com,71738297,3657505,1
456,ePay.info_CoinJoinMess,33019470,2
YoBit.net,CoinKite.com,4980000,1
71921556,368,7998627,1
73778887,71814798,2599702,1
SafeDice.com,Cryptonator.com,7694937,1
Poloniex.com,Cryptonator.com,2992243509,1
Bitstamp.net,72679561,148586163,1
64475407,70164515,25357176,1
71816350,Luno.com,6378645576,3
1228047,Xapo.com,1729380979,8
354,162,6470659333,5
ePay.info_CoinJoinMess,Paxful.com,88928739603,10
51131,50365,13370000,1
Kano.is,40231,15021017778,6
73153283,70638973,28869218,2
4126,25162187,253546550,5
1316,1695003,1971452799,2
60,HelixMixer,999990775,1
0,73388279,8814834,2
3427253,1747,16625000,1
69173924,71738297,33042000,1
14792907,170,2120437,2
483243,72575778,1913182012,1
1182826,70796631,19161787000,61
Rollin.io,641,190000,1
4126,2461,171635522,4
71162248,0,251150737,2
FaucetBOX.com,1582,317936842,4
354,CoinJar.com,430944746,1
35,48860,7939297,1
3368,BTC-e.com,107597041,5
3594434,1294,110732252,1
1215,ePay.info_CoinJoinMess,68276120894,5
Kano.is,1539,15021017778,6
ePay.info_CoinJoinMess,28578,2131374,1
FaucetBOX.com,VirWoX.com,39280343,3
354,289,2377233635,5
70193855,0,7009966,1
Xapo.com,73858387,2705517616,1
126,Bittrex.com,200063847,2
0,331,217538042,12
BX.in.th,563,3346735299,10
72943763,BitoEX.com,92901800,2
0,BitPay.com,5152740,1
372665,898,200791800,1
33291,227,81413132,1
4126,109619,104530610,2
1215,122,2519950000,1
FortuneJack.com,Rollin.io,3093515,2
69983231,7,44295420,4
ePay.info_CoinJoinMess,1144,261298273835,12
17079120,SatoshiMines.com,5042665,1
456,MercadoBitcoin.com.br,66426871,3
354,BTC-e.com,63209102208,100
10168,71999760,83360000,2
ePay.info_CoinJoinMess,CoinApult.com,173889765666,5
Bitstamp.net,40097114,80145899153,17
70429474,LocalBitcoins.com,23772806,1
ePay.info_CoinJoinMess,71685884,1393281,1
864,72812734,1191214289,2
69383113,69303612,25423658,2
69147875,69434942,75912829,1
72577151,74226354,18665350,1
16621,1294,334252,1
25600,39799,23999963100,1
458446,MoonBit.co.in,21095841,1
70427437,1363687,400775476,1
61,ePay.info_CoinJoinMess,990597267,7
ePay.info_CoinJoinMess,4562,40933800,1
73754254,1234442,268064092,1
71476744,71267462,24106133,1
365071,HaoBTC.com,29999786607,1
Xapo.com,1227,5262128102,2
69356910,368,18469213,2
11686,0,1461227134,2
0,37,1790146,3
52735,53150,100090000,1
61059670,401,24074062,1
454,26954,142850024752,5
72472364,72051909,48088800,1
354,FYBSG.com,299826681,1
9244996,20488,7476694,1
70482196,72472426,1256449053,2
51809,50236,100490000,1
70037420,57018697,141014201,1
Paxful.com,820091,872622873,3
6252,72104795,4598764,1
999Dice.com,Xapo.com,28601000,9
Poloniex.com,69769,201481231,1
1211078,4266,38552254,1
57,195,18147962,2
69955,51056,120300000,1
Exchanging.ir,BitAces.me,275417402,2
72916777,Poloniex.com,28460000,1
71816350,BTCC.com,2159400830,1
70842,LocalBitcoins.com,40070000,1
69383128,ePay.info_CoinJoinMess,19329593,1
50899,11002526,217611501,2
5806528,1747,5021239,1
69539021,401,5196287,1
70560568,60,434720964,1
61837026,1769,761879,2
0,2647,14483427,2
131,175,4217950000,4
684308,Poloniex.com,396990232,1
373623,Cryptopay.me,181258747,1
4126,60,257516035,5
5423394,Xapo.com,9688380,1
ePay.info_CoinJoinMess,421,2522394266362,59
23627,1294,4395426,2
ePay.info_CoinJoinMess,4411380,86858306400,1
71554939,MercadoBitcoin.com.br,85044827,1
Poloniex.com,1578,1021632464,2
1022532,1144,135581600,1
72733751,71921521,10502670,1
122,821,11000000,1
ePay.info_CoinJoinMess,239609,86858306400,1
72970186,CloudBet.com,7195768,2
1228047,Bitstamp.net,407691718,1
69906500,Cubits.com,13001342,1
71738297,BitZillions.com,4980000,1
Xapo.com,1833,5432933422,2
FYBSG.com,ePay.info_CoinJoinMess,31860343,1
999Dice.com,292,115006,1
1228047,Loanbase.com,165104922,1
73751904,860,163421250,1
Bit-x.com,73963643,215990000,1
7277,252,3416912,10
0,CoinKite.com,264449417,75
69539680,CoinKite.com,734854,1
69278199,CoinTrader.net_LocalBitcoins.com,706377396,2
129,Poloniex.com,2332386385,10
2428,BTC-e.com,9048560,1
405610,883,1566169120,8
Xapo.com,18972,2747146993,1
ePay.info_CoinJoinMess,676276,75930000,1
Paxful.com,368,81896769,2
0,7351,100000,1
354,Kraken.com,1453073146,4
69801336,ePay.info_CoinJoinMess,3283300,1
Kano.is,Cryptsy.com,45063053334,18
37,FaucetBOX.com,4069784,1
73728626,71032462,39610027,1
72472364,73047698,240507000,1
700,ePay.info_CoinJoinMess,3515895,1
0,39921,41760305,1
59589,Poloniex.com,33498137800,5
454,16460,90166341249,4
71816350,HitBtc.com,1170021763,1
72288807,BTC-e.com,2798007,1
Purse.io,BTC-e.com,201402194,3
71685884,BitAces.me,570000,1
12583,LocalBitcoins.com,356414853,1
CoinKite.com,7,3138919,1
73807167,73466833,15361758,1
FaucetBOX.com,7860468,33326404,1
Xapo.com,662,2836191713,1
228573,Exchanging.ir,23414449,1
19474319,368,14411097,1
71554939,Cryptonator.com,21766414,1
69409438,7,483027000,19
50606,50199,45044540,1
72393866,74329984,53325564,1
73441091,41082,3031206400,1
SlushPool.com,Bitstamp.net,2502428190,1
60,MercadoBitcoin.com.br,2099222453,1
72471449,60,532580000,1
69668803,4,2191800,1
70403042,BTC-e.com,315134418,1
193086,Bittrex.com,899942966,1
71554939,269,179569930,2
70612552,883,4298086,1
51351,Luno.com,363012954,2
11894,864,7008613171,7
MoonBit.co.in,Cubits.com,123054705,1
0,421,13682088,8
25820315,ePay.info_CoinJoinMess,10888526,2
809,CoinTrader.net_LocalBitcoins.com,7381160352,2
456,BTCC.com,1007013436,7
20112986,1149,1097979,1
FaucetBOX.com,Exmo.com,606896191,9
57,LocalBitcoins.com,266474604,4
ePay.info_CoinJoinMess,FortuneJack.com,15270257,9
0,70167327,535500,1
2705,70638958,7447019,1
5325883,73989670,478836885,2
74121066,61,350323836,4
151245,LocalBitcoins.com,19990000,1
354,7366,11736709290,13
71710149,200,556649026,1
60,654099,1999983092,1
809,BtcTrade.com,152000422142,81
70063369,1138,32722399,1
Bitstamp.net,70167655,4074819879,1
Purse.io,MercadoBitcoin.com.br,71520740,2
71606443,BTCJam.com,3375523294,2
1654888,57,609813750,2
71241457,72760016,752113289,3
45004,454,729613115,1
3348,0,62934223626,1
71241457,72262922,708805334,2
60,2643,10181845148,1
BitBargain.co.uk,73728231,259950000,1
690674,1294,23598096,1
Kano.is,4,15021017778,6
DoctorDMarket,ePay.info_CoinJoinMess,91018829,1
50826,22844,70723180,1
44609,BTC-e.com,7500386900,1
SecondsTrade.com,102885,49080000,1
Xapo.com,Poloniex.com,120880165754,44
454,30954,195280613249,5
Bleutrade.com,57,1214383,1
154,315,48502920,1
Xapo.com,ePay.info_CoinJoinMess,321688887884,115
69144722,2230,17153177,1
5542047,BX.in.th,545577275,1
ePay.info_CoinJoinMess,28663,11972002,1
73048147,69878799,146321489,1
73310609,69618365,610000,1
50438,51727,342407431,1
2755004,523,26654110,3
CoinKite.com,PocketDice.io,254654,1
70164515,7,17373514,3
1575,129,1037204,1
Poloniex.com,70796633,16960684,16
22183,48668419,6890000,1
71816350,CoinKite.com,2027967911,1
PocketDice.io,3423,6510000,2
52525,50898,231880000,1
57,CoinPayments.net,861680,1
HaoBTC.com,368,172756879,5
354,73310609,735024419,1
5542047,60,659364581,1
28555047,70482207,26001098,1
9924517,523,4425554,2
16962,1281001,4357154,1
Xapo.com,BTCC.com,41529999128,13
0,NucleusMarket,2132571818,22
Hashnest.com,Bittrex.com,67603207,3
73413077,BX.in.th,257851,1
BitVC.com,OKCoin.com,179028261,3
73153219,25695512,611228280,1
52841921,74015103,20262558,1
52082,52526,19980000,2
Huobi.com,Cryptopay.me,31760000,1
74120870,ePay.info_CoinJoinMess,335457095,1
343,CoinMotion.com,37601731,1
735,MaiCoin.com,1014422,1
60,VirWoX.com,3041066707,1
72183406,942,48306,1
1228047,1316,362760460,1
CoinSpot.com.au,386,1011108,1
FaucetBOX.com,BTC-e.com,733244979,39
2749627,0,1724336,3
2512197,461416,201785857,1
139,ePay.info_CoinJoinMess,176047208,1
Xapo.com,70665166,2595971735,1
52184976,421,1122316,1
ePay.info_CoinJoinMess,17655,86858306400,1
73413077,Xapo.com,439251,1
7,10317,17030615179,23
70796631,860,92058365,1
FaucetBOX.com,348,163051890,4
ePay.info_CoinJoinMess,71738276,99800000,1
50175,51420,100490000,1
71816350,2403,1955882690,1
HaoBTC.com,2647,76517643,3
60,43569,999990777,1
71554939,57,136207683,2
71109472,368,10221956,1
10317,15879,20355959214,1
1309,7369,9326690000,4
HaoBTC.com,71738275,29841940000,1
Bitcoin.de,Luno.com,1972970000,1
BTCJam.com,891,62123951,2
35,0,1368502,1
405610,3057173,195771140,1
1272,ePay.info_CoinJoinMess,260987100,1
ePay.info_CoinJoinMess,LuckyB.it,9857128585,292
227,Xapo.com,1453866,1
Bitstamp.net,71658987,12078737,1
ePay.info_CoinJoinMess,605,173716612800,2
483243,CloudBet.com,2211371555,2
146276,Bittrex.com,2890000,1
777,1116,241505195,2
Poloniex.com,Bitfinex.com,2938183619,1
13286399,563,433657126,1
74199571,368,57610262,2
523,864,10854148707,58
FaucetBOX.com,BTCCPool,8521537,1
43156702,CloudBet.com,13190000,1
73830261,0,22209853,1
468,Xapo.com,1233986063,7
Xapo.com,Bitcoin.de,5348785228,2
2384,Bitstamp.net,25915735,2
3262227,LocalBitcoins.com,10610056,1
45048181,ePay.info_CoinJoinMess,126547936,1
11683827,860,20126335,1
Poloniex.com,72445051,1123236,1
ePay.info_CoinJoinMess,BTC-e.com,3603628067940,81
69749680,25815654,12000000,1
72970216,BTC-e.com,20646349,1
405610,1941,391542280,2
396,424,1239027654,5
233,3594434,31000046,1
74252166,290,113716805514,13
699798,LocalBitcoins.com,24280000,1
69383112,Xapo.com,1461107,1
5181646,71032462,275321301,1
61,1218,192970180,1
57896295,CoinKite.com,23784812,1
405610,57332499,978855700,5
5162,BTCCPool,1836080406,2
51523,Luno.com,19990000,1
0,Bitcoin.de,705000,1
ePay.info_CoinJoinMess,57,2171457660000,25
ePay.info_CoinJoinMess,2914,29555677,2
0,HelixMixer,1261898208,20
70636001,70037420,651000000,1
69407065,73439877,144092697,1
1228047,6484665,368670768,1
ePay.info_CoinJoinMess,71424013,86858306400,1
1477737,883,22463400,1
129,421,19991190,1
Kano.is,HolyTransaction.com,15021017778,6
Xapo.com,60,27220645733,10
70586820,72784689,166206229,3
73675823,BTC-e.com,60623434,1
73571623,1022532,35624438,2
HolyTransaction.com,FaucetBOX.com,1200030,1
50200,70369,99990000,1
73048147,71449809,79450318,1
73674988,4,5146536,2
1654888,152,495082577,1
NucleusMarket,60,275038090,2
YoBit.net,1309,4142742,1
1972,233,1798789,1
Kano.is,1309,15021017778,6
483243,Poloniex.com,18304712849,7
28663,Poloniex.com,744758401,1
405610,1769,195771140,1
71867399,73832987,15410000,2
735,Cryptonator.com,1230495,1
70560050,70875110,699970000,1
833,Poloniex.com,136226896,4
71814798,635697,36904858,1
70534688,71866195,225750000,1
864,70976381,1185766000,1
354,4758,553593103,1
Xapo.com,0,810475350658,277
NucleusMarket,72654727,26900000,1
72654727,ChBtc.com,172750305,2
5325883,74304487,662465640,3
57,Bittrex.com,25294240,3
MoonBit.co.in,72707816,10004480,1
396,72367835,786447923,1
16621,Exmo.com,400000,1
343,MercadoBitcoin.com.br,37105795,3
70115333,28669643,2304228,1
73622524,401,9454328,1
69304029,72681496,242601428,1
396,351,591834199,3
75854,BitAces.me,136549,1
69458755,7,250530000,7
72392837,4544,264786848,1
118992,ePay.info_CoinJoinMess,2536551087,1
1654888,25001421,468627585,1
MoonBit.co.in,4,301111042,1
BitcoinWeBank.com,29478,4525151,1
70927599,BitcoinWallet.com,127688,1
175,122,11657692826,4
348,Cryptopay.me,4979677,1
342,497,21800046,1
69199627,CoinKite.com,131354813,1
55544,60,37469346,1
69121350,0,2163299270,1
CoinGaming.io,1227,901000055,1
809,Huobi.com,193221713535,93
8204715,61,65685100,3
0,YABTCL.com,535692,1
BTCJam.com,1386,1305000,1
396,544,2642651619,2
37341,Poloniex.com,199985936,1
417,0,5422722,1
BX.in.th,69199972,1526121456,1
Xapo.com,342,2585350432,1
ePay.info_CoinJoinMess,16971,322292426,1
CoinGaming.io,0,4002941,1
69642258,6274,109010750,2
53693198,368,48532263,1
855,9669323,1215997,1
71816350,HaoBTC.com,5053492879,3
354,YoBit.net,1293997836,4
73989670,74200010,24066000,1
69199627,Xapo.com,1050838504,8
259537,CoinTrader.net_LocalBitcoins.com,55217063,1
69827719,72549510,192761812,1
FaucetBOX.com,BitZino.com,8888357,1
70665256,401,10939594,1
149308,FortuneJack.com,50077500,1
60997896,72970162,87861784,2
Genesis-Mining.com,56097,140653733,1
227,ePay.info_CoinJoinMess,11344915,4
343,ePay.info_CoinJoinMess,3594854,1
51293,51809,299990000,1
71554939,1469,133282334,2
Xapo.com,74147569,5290512371,2
3368,999Dice.com,214827448,9
228573,SatoshiMines.com,26591749,2
71816350,833,3374674516,2
563,1215,10001000009,1
72262325,7,21875014,2
67985,72497953,136546000,1
93094,454,3557413094,2
72262922,71581352,70920768,1
50810,190674,399990000,1
109306,LuckyB.it,5892148,5
2403,Bleutrade.com,1059050,1
Kano.is,ePay.info_CoinJoinMess,90126106668,36
74226366,3370,2065519794325,45
70063369,1386,382563986,2
Xapo.com,1769,10835989116,4
71764611,860,244686446,1
74094368,BTC-e.com,229234750,1
Huobi.com,179,5565123957,26
74304487,71764440,36278116,1
PocketDice.io,289,23875257,12
Bitstamp.net,688158,1522900092,1
PocketDice.io,170,28650882,14
51,1539,49806680,3
405610,129,587313420,3
74330515,Bitstamp.net,37213921690,4
70744146,0,1032397,1
ePay.info_CoinJoinMess,1386,271858199,2
131,CoinGaming.io,160900000,1
70482088,860,32380133,2
72103703,70087815,38833398,1
SlushPool.com,57,7502095847,2
Poloniex.com,BTC-e.com,525383041517,239
70191792,70691186,25545506,1
FaucetBOX.com,69801336,8389700,1
69827813,Xapo.com,3942080,1
60,Luno.com,1189873875,1
74330515,20914,30373295145,8
906,Bit-x.com,499991321,1
72944130,ePay.info_CoinJoinMess,138144500,1
70063369,ePay.info_CoinJoinMess,181894789,2
72288535,354,12914438,1
118992,353133,13263084484,2
Paymium.com,1098,6869313476,1
405610,Bleutrade.com,587313420,3
Huobi.com,2643,1188980529,6
Bter.com,1306,35501988,1
HolyTransaction.com,FortuneJack.com,12048000,1
Bleutrade.com,CoinGaming.io,2826267,1
0,Cex.io,1791666,3
72154492,ePay.info_CoinJoinMess,48211000,1
354,4908,735024419,1
ePay.info_CoinJoinMess,4,63498433982,71
69461516,BX.in.th,21613652,1
Paxful.com,LocalBitcoins.com,2904812593,24
8018194,4758,2848683,1
Exmo.com,7369,3000000000,2
73047698,73597479,168991437,2
71005890,73728575,6621431,1
298,Huobi.com,3407207462,10
1210796,290,1999990000,1
1292238,BTC-e.com,490084642,1
52012,Xapo.com,5660000,1
74042229,57451766,136711623,1
Kano.is,70455592,15021017778,6
71816350,56097,3575835249,2
Kano.is,42844,15021017778,6
ePay.info_CoinJoinMess,3179,103206183,2
298,BtcTrade.com,4096448072,9
71816350,OkLink.com,1238248681,1
1022532,563,442357500,1
101,49323432,113104453,9
BitcoinWallet.com,351,33126159,1
72262922,73465982,30975125,1
70927660,70193668,29219195,1
FaucetBOX.com,292,163084304,3
126,51747117,233922622,3
809,2184,2500060285,1
BitcoinWeBank.com,Xapo.com,831396798,5
70063369,HitBtc.com,848760140,2
Bleutrade.com,TheRockTrading.com,249984500,1
1315444,ePay.info_CoinJoinMess,142589,1
126,60,178085035,1
69278249,72180940,7832673,1
73048147,72891572,213764632,1
0,6246,91156186,2
HolyTransaction.com,Bleutrade.com,1500074,1
72103703,68652411,74662943,1
0,11432272,145994076,1
69984672,69879031,21572733,1
CoinKite.com,107,310920103,1
71816350,CoinSpot.com.au,1803316843,1
2227706,833,7130000,1
405610,3578,391542280,2
32622877,60,1593109187,2
ePay.info_CoinJoinMess,70455422,86858306400,1
73623742,7,19571000,2
24277305,NitrogenSports.eu,46688239,1
1227,BTCJam.com,4774500,1
853912,79829,345980000,1
353133,1747,365797000,11
Poloniex.com,1070,655082675,1
Poloniex.com,Bitcurex.com,5501112618,4
Xapo.com,386,23394622701,9
60,269,563475,1
NitrogenSports.eu,57,41004000,1
Poloniex.com,BtcTrade.com,3009101574,2
1149,Crypto-Games.net,1140043,1
2230,NucleusMarket,73974792,2
Bitstamp.net,2550070,114030626,1
45048181,809,391975436,1
10656886,70848252,23524470,1
0,MaiCoin.com,444947,1
1272,195,4367100,1
35,60,1165717,1
0,YoBit.net,8850147,7
73466970,Cryptonator.com,29011144,1
50998,53150,610811082,1
BitAces.me,4,9277652,1
73284228,19431,144757179,2
50545,51420,214310000,1
71708868,860,7598746,1
2705,69383113,292422398,2
53944833,2803,438780000,1
105520,Paxful.com,906933596,1
60,898,5996879202,7
107,BTCC.com,607615227,1
PocketDice.io,69644132,1380124,1
0,152,246384368,12
50205482,70872195,619492503,1
70193751,70849046,6994268,1
CoinPayments.net,2643,78392929,1
CoinPayments.net,Huobi.com,388627818,4
71188876,49,8218785,1
1228047,33209,854213219,1
69173924,676276,34106000,1
11432272,Xapo.com,225373600,1
73310711,1294,8869566,1
73336533,LocalBitcoins.com,6380468703,6
556957,999Dice.com,3436909,1
74147394,2230,34583527,1
0,BitKonan.com,241388700,1
FaucetBOX.com,MaiCoin.com,350466547,14
Kano.is,60,30042035556,12
298,351,499991832,1
131,3348,10511590000,2
BX.in.th,CoinPayments.net,344225850,2
ePay.info_CoinJoinMess,4186,334879922,2
FaucetBOX.com,2024,10104390,1
BitcoinWallet.com,BtcTrade.com,159666005,2
71816350,1575,4136995792,2
0,72182982,7188700,1
Poloniex.com,BitoEX.com,3846859298,3
Cryptopay.me,115696,6042358474,1
74199565,71345854,6852450,5
70534041,32634249,512702107,1
6521368,LocalBitcoins.com,9685554,1
70534688,72393684,847175754,1
45048181,32354,385920436,1
144847,Bitcoin.de,52987054,1
51351,53150,500180000,2
1022532,8660,1225401163,2
5026,Matbea.com,79313094,1
71816350,2329,2267946470,1
405610,Bitcoin.de,978855700,5
72865209,401,3729381,1
73989670,70717645,8994798,1
405610,Cryptopay.me,195771140,1
73492752,73493244,1630617,1
Xapo.com,1309,78773695137,15
5162,2647,918040203,1
72707816,289,2489726,1
0,CoinPayments.net,110555215,21
73336533,Bittrex.com,4934296106,3
BTCJam.com,417,46950000,1
0,139,1803253586,2
50175,Luno.com,200260000,1
71816350,63412467,1815723736,1
ePay.info_CoinJoinMess,11582,86858306400,1
Huobi.com,348,16693083299,23
118992,5460169,6631542242,1
27447,LocalBitcoins.com,389950000,1
65565584,18203512,26094793,1
72681496,74251990,175671314,1
71554939,CoinKite.com,168896559,3
25384573,16621,42861302,2
70953647,69748641,36295078,1
6722643,CoinTrader.net_LocalBitcoins.com,2801000224,4
354,10497631,553593103,1
3130525,1694865,391870,1
417,70399544,7099668,1
906,LocalBitcoins.com,21846755468,25
13286399,108,4649340,1
FaucetBOX.com,129629,11778943,1
71162248,200,499969999,1
0,233,9633199,3
1149,YoBit.net,260000,1
13270405,289,1548953,1
809,424,24536691660,6
4081,9378589,31374704,1
Purse.io,Hashnest.com,8596288,1
NucleusMarket,170,1100364,1
396,Exmo.com,210847472,1
405610,4,15465920060,79
70167555,73962381,25558690,2
LuckyB.it,24179,180000,1
1769,LocalBitcoins.com,461182840,4
295687,Huobi.com,1708409492,9
73441096,Huobi.com,571900000,1
0,1798,1020000,1
50899,51262,542502885,1
ePay.info_CoinJoinMess,FoxBit.com.br,28022015,1
71345482,71032223,6618300,1
71002730,72548652,123898673,3
107,170,30235289,1
Poloniex.com,386,38489400797,2
417,290,400047446,1
73571260,49,57492519,1
Hashnest.com,FortuneJack.com,55392521,2
71553612,233,486410078,6
51766,52528,171429359,1
23052521,73048147,101907106,1
0,Cryptonator.com,224235,4
71450456,BTC-e.com,332100479,1
1805,0,12267891,1
454,39411,234200809563,7
72812734,497,62671371,1
5110331,Cubits.com,48404927,6
NucleusMarket,28012295,79719901,1
69147203,Poloniex.com,34459897,2
HaoBTC.com,Huobi.com,18921252133,44
ePay.info_CoinJoinMess,70399544,6707100,1
Paxful.com,HelixMixer,23954282,1
Cryptonator.com,69406832,2811316,1
331455,451,235767,1
71816350,Xapo.com,114864898373,65
37466172,71082706,17990000,1
72472364,38343543,43196063,1
405610,73466823,391542280,2
0,5937,87257200,1
Poloniex.com,683737,2192314419,1
67985,368,49990000,1
71738297,999Dice.com,2540000,2
1769,ePay.info_CoinJoinMess,96560739,4
Poloniex.com,Bit-x.com,20979959753,1
454,22013,74763008266,3
CoinPayments.net,2803,20052909,1
Xapo.com,CoinPayments.net,52404547219,20
72051731,CoinPayments.net,3832041,1
16768780,0,168146048,1
73283062,73832987,22434162,1
1335,1578,99980000,1
NucleusMarket,42893,5640300036,6
1654888,1539,606584512,2
YoBit.net,2643,599980000,1
354,Bitcurex.com,12477758,1
51031,70089040,196153474,1
46027784,4758,6193240,1
ePay.info_CoinJoinMess,7366,113789131698,9
483243,CoinTrader.net_LocalBitcoins.com,7083399567,4
71450805,1103,446390796,2
72288535,269,12990000,1
74042229,72890868,196237913,1
SlushPool.com,292,4921778430,1
4338203,Coinomat.com,5534989,1
354,34168008,2694656031,2
72943763,Hashnest.com,26861200,1
ePay.info_CoinJoinMess,Purse.io,222469839,2
1575,Xapo.com,23145755,4
Bit-x.com,315,94646667,1
4338203,72183392,39707636,1
Poloniex.com,421,54439235113,21
71711473,368,59980000,1
1226470,4,6661872,1
Bitstamp.net,Cryptopay.me,179409585,1
72445728,401,68307575,1
Kano.is,290,15021017778,6
HolyTransaction.com,Hashnest.com,3080016,3
101,CoinPayments.net,23672516,1
3980,HaoBTC.com,999990000,1
71738297,Peerbet.org,4980000,1
141101,289,28025853,2
69226203,55039679,141720,1
0,200,61630747,7
50811,51560,98300000,1
70638332,70011208,1999640,1
0,69278199,2417450,2
4126,34731,49425480,1
32354,315,221979000,1
29562533,46728375,459080000,1
71659609,0,74301104,1
Poloniex.com,60,45325559989,18
73046372,1281001,29059785,1
1306,71241400,103002642,1
69984508,72209627,31393190,1
906,33209,1520051582,2
101,Cex.io,120636097,5
NucleusMarket,57,3035659,1
72472364,72969473,26018063,1
10014178,1747,99790204,2
73048147,73074562,74324509,1
1054,BTC-e.com,38620116,2
FaucetBOX.com,29111555,12650464,1
CoinJar.com,NucleusMarket,2053887944,7
71842975,71763110,28524064,1
417,Poloniex.com,1210255065,4
60,70508421,9728303262,1
69304413,0,64375012,2
52620741,CoinKite.com,200000,1
61,16021,13995558,2
71084354,LocalBitcoins.com,17933606,1
57,CoinGaming.io,21269771,5
Paymium.com,NucleusMarket,13738626952,2
1335,233,656967875,1
71240615,BTC-e.com,5315914,1
4908,Xapo.com,549688078,3
73466970,CoinSpot.com.au,28921299,1
101,126,110714610,3
129,4126,98569803,5
906,Paxful.com,499991205,1
1732330,195,10249829,2
Poloniex.com,CoinGaming.io,9480588560,6
ePay.info_CoinJoinMess,HolyTransaction.com,87786041081,15
72943763,80393,46450900,1
60,BTC-e.com,2999971560,3
566,CoinTrader.net_LocalBitcoins.com,1494956,1
61,16177,174116297,3
12552138,69409169,55924474,1
Kano.is,289,15021017778,6
72943763,2024,119763000,3
ePay.info_CoinJoinMess,70665275,86858306400,1
3473,390063,17840000,3
BitcoinWallet.com,200,11577091,1
FaucetBOX.com,Bleutrade.com,182541126,11
52484,52033,1699990000,1
27723,1116,2113058,1
ePay.info_CoinJoinMess,289,88177301165,15
69330554,6652,10899184,1
35,58809,2288052,1
70063369,0,1743081156,13
35049846,ePay.info_CoinJoinMess,5097195636,5
35,Bitcurex.com,4491331,1
Bter.com,Poloniex.com,11076893965,12
71816350,49985443,1923122021,1
72443621,70848689,99990000,1
Xapo.com,3348,2508751674,1
70534688,96,271700000,1
2696,0,1016641,1
71554939,ePay.info_CoinJoinMess,639891770,9
2329,2428,2849824,1
6131,BTCCPool,525823014,1
6721473,CoinKite.com,43125337,3
72446427,69191957,28201952,1
396,CloudBet.com,532489517,1
73544517,69723011,1999990000,1
Poloniex.com,BitAces.me,610034065,1
51598,70245911,99990000,1
69251969,Hashnest.com,1159641,2
0,7,480058022,427
FortuneJack.com,Cex.io,501001962,1
3423,1294,1080009,1
Rollin.io,ePay.info_CoinJoinMess,226632807,4
45048181,Cryptonator.com,384190436,1
Huobi.com,122,85554056268,6
898,ePay.info_CoinJoinMess,399985000,1
Paxful.com,860,410968921,1
ePay.info_CoinJoinMess,162,671005900209,17
72075381,21799057,23288964,2
50899,50465,238604110,1
74278429,70796582,331824428,1
Poloniex.com,227,7208264162,1
Crypto-Games.net,Xapo.com,1123381,1
74042229,73623739,245069565,3
61185339,7,18746413,1
2403,1294,1265388,1
107,Poloniex.com,56582323282,10
405610,BitoEX.com,195771140,1
483243,69512171,386257150,1
74329984,11903275,33110696,2
2725849,1747,65758333,2
354,60,1412638143,3
0,NitrogenSports.eu,593646115,44
162192,BTCCPool,987256994,1
8660,CoinTrader.net_LocalBitcoins.com,275176700,4
70455637,49,24523762,1
46209,Huobi.com,12263557,1
22399362,BTC-e.com,158947400,1
BX.in.th,7,245247170,1
365071,BTCCPool,119999146428,4
71162980,398,962467,1
2306049,227,18082760,2
Poloniex.com,7366,4746402347,2
3120,Bittrex.com,10668271,3
456,CoinKite.com,26604647,1
Kano.is,37595,15021017778,6
71423904,69119108,6480852,1
FortuneJack.com,1144,1102556,1
SatoshiMines.com,FortuneJack.com,1557874,1
FortuneJack.com,1598,3492161,2
25600,59589,108999872750,3
14964206,BTC-e.com,12706348,1
71293432,LocalBitcoins.com,74552826,1
1228047,BitcoinWallet.com,165104922,1
Kano.is,33117,15021017778,6
22399362,0,33607208,1
6048154,1833,253310276,3
Kano.is,Kraken.com,42562459503,17
71921521,FaucetBOX.com,28790682,1
2781097,Cubits.com,28962582,1
72943763,MaiCoin.com,26861200,1
39799,Bter.com,19999990000,1
71920572,96,4865741,1
1151,2643,41859371,1
5162,787953,918040203,1
0,CoinApult.com,464201985,3
69906410,0,138062013,1
126,73545299,220614879,1
60,Igot.com,7797934794,3
820091,73360669,1773795177,5
3368,CoinTrader.net_LocalBitcoins.com,13121309,1
Paxful.com,FortuneJack.com,118953592,1
70534041,71397492,12186256,1
Rollin.io,28555047,44950122,4
ePay.info_CoinJoinMess,10497631,86858306400,1
44056397,CoinTrader.net_LocalBitcoins.com,1449990000,1
61843996,LocalBitcoins.com,180698100,2
73675212,0,213930000,2
ePay.info_CoinJoinMess,ChBtc.com,955441370400,11
Loanbase.com,1769,1425451,1
6484665,Luno.com,1461352800,1
ePay.info_CoinJoinMess,BtcTrade.com,21714576600000,250
4126,GoCelery.com,226740652,5
ePay.info_CoinJoinMess,HaoBTC.com,4342915320000,50
69383113,69852167,71615947,1
Kano.is,4641098,15021017778,6
70089222,1294,15939000,1
BX.in.th,BTCCPool,47212779077,93
3368,CoinApult.com,29602455,1
Xapo.com,2218,2685948748,1
50761,51809,39690915,1
2725807,FaucetBOX.com,39180000,6
57451766,1103,27457874,1
70376669,5620,79454457,1
954,72654727,599950000,1
35711272,0,4625490,2
Poloniex.com,35,1498437193,3
566,Cubits.com,41756703,2
1215,LocalBitcoins.com,5039924350,2
Xapo.com,SatoshiMines.com,100372519714,37
73387906,883,69348687,1
67635,BTC-e.com,269808432,1
74330402,152,9990000,1
2506,61,1169616483,11
34731,Kraken.com,39980000,1
326031,0,366980,1
1654888,1598,412454441,1
40868,52033,376195000,1
405610,0,51487809820,263
1138,69984036,36079578,1
2696,4,241442985,7
70927626,LocalBitcoins.com,49417602,1
1215,544,21160974252,3
Poloniex.com,73361777,2068439434,1
52593,51406,100070000,1
Hashnest.com,Bitcoin.de,11994475,1
2476667,4,27816080,1
937,YoBit.net,63515051,2
69278199,LocalBitcoins.com,2789549912,7
1151,BTCCPool,107880325,3
73807082,326403,191431742,1
Poloniex.com,34731,841769646,1
4908,4,85045655,1
354,7683210,710318832,1
71554939,Xapo.com,1215669863,18
ePay.info_CoinJoinMess,Bter.com,2258332227102,27
70871794,7,6590000,5
Poloniex.com,BitBargain.co.uk,869902826,2
Xapo.com,2696,5234153651,2
315,0,8419325797,2
73284596,69852939,28983694,1
70612575,Cubits.com,110955,1
72943763,PocketDice.io,46450900,1
72026082,96,13981864,3
Xapo.com,269,23345718870,8
0,BitcoinFog,315736550,3
50799,69591713,9990000,1
354,70140181,542120454,1
NucleusMarket,CoinJar.com,258019561,2
0,Bter.com,123586076,8
57,269,499000,1
1230513,7,501831000,1
72760319,368,13663017,1
57,FortuneJack.com,1625288,1
ePay.info_CoinJoinMess,46209,86858306400,1
5267096,SecondsTrade.com,3057073,2
72315292,200,72427154,1
69697042,70586820,4329967,1
71292838,49,29014906,1
2428,Paxful.com,699990000,1
354,269,5595888963,10
252,72445051,1415193,3
45048181,2828950,338475436,1
Bitstamp.net,916,149989362,1
72943763,4,1632455900,44
Matbea.com,1335,180462767435,77
SlushPool.com,BTCCPool,5160634834,2
5026,61,4063142228,40
18340295,898,13896140000,15
69984672,74303896,24228060,1
Poloniex.com,Bitstamp.net,98328024960,39
500116,71319712,109990000,1
641,622667,51000360,1
4126,269,386477650,8
73441091,52176,2862066300,1
1573711,52724,181261082,1
72733751,0,10163966,1
Bitstamp.net,Cex.io,13508345524,5
25820237,FaucetBOX.com,6823401,1
Poloniex.com,73858387,2682132372,1
Xapo.com,421,66463863268,24
73623547,BTC-e.com,94845818,1
69984656,74068001,24081160,1
Hashnest.com,BTCJam.com,89839105,2
69722595,69278079,4801037,1
27914256,Poloniex.com,976656131,1
69879621,5423394,70834385,1
70927626,72969555,60905757,3
52108,51691,342225179,1
DoctorDMarket,NucleusMarket,17543834,1
0,1469,562050,1
Huobi.com,1872,105032790994,2
0,71580357,396207262,2
1575,999Dice.com,912960,1
22183,1309,59490000,1
47309,60,13197186,1
FoxBit.com.br,4936,2990200,1
Kano.is,Bittrex.com,30042035556,12
Xapo.com,809,26256370694,9
1769,CloudBet.com,4466898,1
348,Rollin.io,19681330,1
72943763,CoinPayments.net,26861200,1
HaoBTC.com,451,1739178,1
73829829,49,7305256,1
3368,1294,25875984,1
Paxful.com,194546,299962900,1
5542047,MercadoBitcoin.com.br,3936052598,3
ePay.info_CoinJoinMess,31761,86858306400,1
351,170,2866000,2
73151810,69120397,399990000,1
Paxful.com,70482234,112061440,1
129,Xapo.com,23123798,2
FaucetBOX.com,1598,580211301,6
Paxful.com,Poloniex.com,430710175,1
10656886,45298568,14154000,1
73336024,CoinGaming.io,76170000,2
61,26515,447534372,4
CoinPayments.net,BTCCPool,72782933,3
3980,2184,496820000,1
70796631,0,403441660,4
72839276,70298801,13934162,1
59589,BtcTrade.com,8913548200,5
365071,6075,59999573214,2
ePay.info_CoinJoinMess,CoinGaming.io,1337203633,13
70533453,0,6857213,1
129,LocalBitcoins.com,9482147,1
ePay.info_CoinJoinMess,94235,86858306400,1
578,38346,70086189,1
72943763,942,46450900,1
396,CoinPayments.net,5366725643,4
Poloniex.com,57,7316620486,2
Poloniex.com,Rollin.io,8330569480,2
1654888,Cex.io,445360843,2
Kano.is,62714040,15021017778,6
71554939,FaucetBOX.com,38097917,1
833,3423,428221200,1
298,2647,499991833,1
118992,1838853,6631542242,1
70089229,50823,399980000,1
74198629,71607573,50375809,1
70062633,70822562,360743951,1
12315641,CoinKite.com,1490002,1
NitrogenSports.eu,139,1751000000,1
Xapo.com,2506,2650529865,1
Paxful.com,96,179941300,2
ePay.info_CoinJoinMess,73832987,3813740,1
ePay.info_CoinJoinMess,4266,6159350688,6
818544,LocalBitcoins.com,127297876,2
10656886,BTC-e.com,16727950,1
PocketDice.io,129,6220814,2
13585,523,1799990000,1
73441091,50811,2962076300,1
271437,FaucetBOX.com,13723791,1
71554939,227,57461254,2
FortuneJack.com,SatoshiMines.com,5127394,5
70298801,73832987,12062045,1
Hashnest.com,Cryptopay.me,1015037,1
1578,BTC-e.com,453496543,10
658937,0,994375,1
Xapo.com,290,51646686593,18
ePay.info_CoinJoinMess,4214505,86858306400,1
271437,2213411,2038839,1
LuckyB.it,1200666,18009138,22
71528906,1070,6790923472,21
71554987,70927660,262722861,1
69278079,71711918,165979432,2
50546,71554675,170990000,1
72078282,860,40380348,1
71554939,Hashnest.com,163693552,3
405610,BTC-e.com,195771140,1
33951799,25695512,409826065,1
CoinGaming.io,NucleusMarket,27022915,1
0,891,1115718,3
0,995,14416800,1
60,122,16006372270,5
354,0,502634914384,495
71685902,70715906,253460947,1
31311,821,40001055563,1
126,Paxful.com,27796656,2
Poloniex.com,Cryptopay.me,20414003314,7
69984672,73074741,563654874,4
1654888,Poloniex.com,606623084,2
ePay.info_CoinJoinMess,MaiCoin.com,347556069000,8
Xapo.com,BitZino.com,5219590841,2
2331,269,3300773,1
62915604,LocalBitcoins.com,9392526,1
ePay.info_CoinJoinMess,290,73513863674263,841
73858387,1575,4527321,1
CoinPayments.net,2403,14267268,1
70560560,70141425,459744176,1
6193,Bitstamp.net,18411913,1
16621,CoinKite.com,14598000,1
7277,2160,402882,1
69367899,2230,38053295,1
72362899,58102,3360558,1
0,1323,226430,2
3541551,LocalBitcoins.com,659597235,1
70297721,BTC-e.com,5448608,1
0,Bleutrade.com,88147173,4
50509,51031,121063474,1
16962,0,4357154,1
71816350,1309,12305778991,7
71816350,1138,1195077797,1
7366,526142,10001000000,2
Xapo.com,Vaultoro.com,2515014395,1
3415,421,82793478,5
72472364,0,14567218,1
Poloniex.com,CoinKite.com,12302433157,5
73204457,7,9977500,1
864,7073000,519542119,2
Poloniex.com,417,62403581772,13
YoBit.net,CloudBet.com,2460000,1
348,BTCC.com,5751700,1
Crypto-Games.net,35,17000148,1
17427381,152,3150210,1
396,368,443376848,1
871,6882,1307256924,1
Purse.io,1142077,107581070,2
Poloniex.com,1582,13585199451,4
Hashnest.com,YoBit.net,9099863,3
Poloniex.com,60522474,260254141,1
72367051,69827804,36468080,1
1477737,16621,77486000,1
1654888,1070,126134934,1
72472364,69695787,30996158,1
1022532,60,309441186,1
61,1022532,155880847,2
405610,1294,195771140,1
27914256,CoinTrader.net_LocalBitcoins.com,839798796,1
BitcoinWeBank.com,289,19467918,1
73832613,ePay.info_CoinJoinMess,691560,1
139,398,3890193839,3
1567,Bitcoin.de,53647,1
MoonBit.co.in,62274565,309944850,1
70796582,73807167,349440000,1
FaucetBOX.com,35,162698919,4
396,Bittrex.com,756743613,1
CoinKite.com,70455434,14441210,1
56353767,CoinTrader.net_LocalBitcoins.com,25460045,1
5806763,LocalBitcoins.com,964122303,2
6383,LocalBitcoins.com,218400000,1
51386,52032,26474042,1
CoinPayments.net,OkLink.com,64355331,1
73336533,Luno.com,3197829623,2
7430,454,9043230926,3
8660,BTC-e.com,1129118100,5
2696,999Dice.com,1547100,1
0,Bit-x.com,13896911,2
NitrogenSports.eu,152,1609000,1
50353,Luno.com,199990000,1
71816350,Cryptopay.me,2922309639,2
71110749,Exmo.com,403422,1
70111969,BTC-e.com,28910633,1
Xapo.com,Betcoin.tm,15761624758,6
72183368,60,24065322,1
Poloniex.com,129,38165465640,14
405610,YoBit.net,1761940260,9
4395,2545,75637007,1
396,Cryptopay.me,1310768743,2
Bitcoin.de,Kraken.com,3334397086,3
Bter.com,Bleutrade.com,325639610,1
354,Bleutrade.com,1028035604,1
70953540,ePay.info_CoinJoinMess,12721815,1
73336533,CoinApult.com,408792042,1
46728375,69330212,199990000,1
1654888,1582,461282088,1
5067874,SimpleCoin.cz,65387935,1
ePay.info_CoinJoinMess,47853,86858306400,1
1316,331,825083067,1
105520,0,948649634,1
61,1539,246410101,1
1654888,70848477,409474764,1
73754254,70953422,148644141,1
CoinPayments.net,809,81234313,2
361,Poloniex.com,6596810,1
YoBit.net,69173741,181175667,1
70953422,227,36135087,1
70062859,61,138343050,2
Genesis-Mining.com,Vaultoro.com,140653733,1
BX.in.th,Xapo.com,73081975,1
365071,290,359997439284,12
3820,4,28913021,2
396,1647,397404391,1
57,7,99928329,86
3221647,269,2370930,1
354,Cryptopay.me,553593103,1
73989642,7,720606,1
69173924,1200666,155418000,5
SpectroCoin.com,Bitstamp.net,2179502314,1
BitcoinWeBank.com,Exmo.com,28323250,1
23410521,7,20230585,6
ePay.info_CoinJoinMess,1309,522415807160,14
71188601,CoinTrader.net_LocalBitcoins.com,431541667,1
71816350,152,5663650666,3
396,421,49225594577,23
25914,1144,1358240,1
809,Luno.com,888995769,1
0,1116,3459895,4
454,44932,234192038606,6
Poloniex.com,398,1919627647,2
Poloniex.com,BitKonan.com,567469109,1
Hashnest.com,60,4781718,1
72472364,49,52779795,2
Bitcoin.de,1098,499949999,1
0,398,54333705,8
777,3328,10014752,1
2914,289,4264656,1
483243,BTC-e.com,1955403543,1
69984036,1138,299694102,3
131,CloudBet.com,2998000,3
40975353,71633826,6625228,1
Bter.com,290,181100492,1
64740,Xapo.com,109929744,2
6252,Xapo.com,146862112,14
35049846,NucleusMarket,14762898454,15
93679,269,2137962,1
MoonBit.co.in,70219698,147603388,1
5325883,58115674,8380997,1
1228047,331,271031497,1
41082,50605,1200080000,1
69697250,162192,13177127805,1
CoinPayments.net,BitcoinWallet.com,64355331,1
71764609,49,24486401,1
Poloniex.com,315,4404719362,5
45048181,421,500365872,2
72367929,69226066,85764150,1
942,4,1261847,1
1228047,809,2451872519,8
40537954,BTC-e.com,4390000,1
365071,424,89999359821,3
BX.in.th,Huobi.com,88276844161,118
52841921,70796482,55351648,2
73832773,FaucetBOX.com,31499525,1
22183,233,35933376,1
396,Huobi.com,11438264562,27
71816350,PocketDice.io,1451547683,1
666306,421,647972549,2
1228047,PocketDice.io,159455986,1
ePay.info_CoinJoinMess,4673,176251417,1
73621827,70377224,52752062,1
32589,483243,115502687705,5
71633175,1137649,8983708,1
Poloniex.com,Gatecoin.com,23713920835,15
5514,354,5332637,1
51631,Luno.com,1886157583,1
2403,Xapo.com,3127097,2
Xapo.com,1694865,2525904712,1
Poloniex.com,Xapo.com,64248159794,27
6073808,69932008,117581534,2
ePay.info_CoinJoinMess,Luno.com,881039903893,22
ePay.info_CoinJoinMess,31767,86858306400,1
FaucetBOX.com,1576,72046084,5
405610,2331,391542280,2
73284237,7,3290781,2
72839276,70455774,54814054,1
0,BTCJam.com,212290290,7
Genesis-Mining.com,CoinTrader.net_LocalBitcoins.com,276172874,3
9341121,523,10178690,1
1116,Xapo.com,43320938,2
NucleusMarket,74094975,71800000,1
FaucetBOX.com,Betcoin.tm,10104390,1
Poloniex.com,1959,927660164,2
FaucetBOX.com,0,27977233370,1887
72419729,7,258067129,7
Poloniex.com,CoinHako.com,767199363,1
1227,Cubits.com,899970000,1
ePay.info_CoinJoinMess,735097,14599587,2
55039679,1636154,3318004,1
73272517,200,201758114,3
Xapo.com,1647,2659489784,1
34293,269,38998827,1
BitcoinWallet.com,Poloniex.com,11209630,1
Loanbase.com,Poloniex.com,196254489,6
354,1309,2126311665,5
BitVC.com,2643,31117800,1
71816350,Exmo.com,3751191595,2
73989670,70455642,12481816,2
405610,71528967,195771140,1
0,860,97711585,2
10168,71293655,41680000,1
Cryptopay.me,Kraken.com,2542111825,1
405610,18972,195771140,1
HolyTransaction.com,ePay.info_CoinJoinMess,1010152,1
71734709,7,33161874,2
Kano.is,16621,15021017778,6
417,238,2089980000,1
71681363,0,2655101,2
129,YoBit.net,18714306,3
56121938,4,216353345,1
702763,4388117,40860000,1
5325883,71711116,180779819,1
71607277,200,16737904,2
Xapo.com,629,53093777296,18
69121350,368,61652851,1
CoinPayments.net,BTC-e.com,589904827,5
69303601,289,201690000,2
NucleusMarket,46096938,276740942,2
72864471,49,4830848,1
CoinKite.com,0,387293057,24
BitAces.me,0,1170134,1
ePay.info_CoinJoinMess,69356,86858306400,1
Xapo.com,1598,7892190356,3
71816350,227,3571449876,2
71343970,71032462,18666324,1
52376,Luno.com,530210000,1
Bter.com,170,3162021,1
Bit-x.com,BitAces.me,3670000,1
Poloniex.com,VirWoX.com,230241981,1
70062859,LocalBitcoins.com,13085025,1
354,72865369,542120454,1
354,20042,1470048838,2
70822565,Bitcoin.de,41958038,2
69722612,368,113955753,1
70035340,CloudBet.com,1827901,1
69697250,898,25824225610,2
YoBit.net,BX.in.th,10962165,1
Bitstamp.net,70796493,1241687473,2
354,Cex.io,5247479864,9
71659793,290,2003308682,1
73229905,4,52555088,1
64740,Poloniex.com,54964872,1
73832621,419,13230,1
2190830,72550978,48702289,1
227,351,2013985,1
ePay.info_CoinJoinMess,18972,86858306400,1
954,417,99999950000,1
Bitcoin.de,Poloniex.com,33099984498,30
71528803,860,92536030,1
47571809,5959635,1044126,1
70665155,4,5020000,1
0,36893,362200,1
354,107,3567740950,5
ePay.info_CoinJoinMess,BX.in.th,88021629025,7
Kano.is,354,62584664943,25
71659791,Xapo.com,511586,1
405610,Matbea.com,195771140,1
69487262,SwCPoker.eu,52490000,1
73467019,71032462,4464179,1
72943763,16621,26861200,1
354,5514,299826681,1
999Dice.com,2403,34955993,11
Xapo.com,354,18970714495,7
ePay.info_CoinJoinMess,100411,86858306400,1
605,290,2841336901,8
Xapo.com,2922,2673093553,1
396,BTCC.com,3971957027,6
FaucetBOX.com,CoinApult.com,20500656,2
CoinJar.com,0,769365010,1
2696,Xapo.com,28259484,3
ePay.info_CoinJoinMess,21646128,86858306400,1
5026,1054,283756664,5
Exchanging.ir,386,6827971,1
Huobi.com,1226,109950000,1
2640,Kraken.com,830583045,6
1386,SatoshiDice.com,3070200,2
FaucetBOX.com,71999749,11178428,1
Crypto-Games.net,777,106564760,1
Poloniex.com,CloudBet.com,701085606,3
72891488,Poloniex.com,5040438,1
714786,999Dice.com,5472895,3
853912,2125413,321295000,1
CoinKite.com,1144,41061784,1
CoinKite.com,ePay.info_CoinJoinMess,691680,1
122,BTCCPool,1851710000,2
1585,6721473,457870000,1
6048154,Luno.com,769434304,4
69697045,70979675,7309557,1
5599574,5308530,7230531,1
446081,CoinGaming.io,391081719,2
375475,1747,51051965,1
954,Huobi.com,16399940000,2
Hashnest.com,70638485,1482486,1
11432272,Rollin.io,301505200,2
ePay.info_CoinJoinMess,4473692,86858306400,1
853912,60722,432550000,2
6048154,ePay.info_CoinJoinMess,425725852,2
SatoshiMines.com,Poloniex.com,10623029,1
70953422,72025875,12187000,1
809,HaoBTC.com,26128557265,13
676276,LuckyB.it,172487600,63
3980,Huobi.com,599890000,3
52484,51819,1276064417,1
3368,73048157,25875984,1
Xapo.com,11851,2909779536,1
ePay.info_CoinJoinMess,1151,88126262344,2
0,74330402,21045308,1
396,1756235,1378319385,1
74252166,69539894,8747446578,1
Poloniex.com,3319,100267361,1
454,124301,75745615078,4
1200666,0,9630750,1
69329889,999Dice.com,3740642,2
FoxBit.com.br,5542047,50731541809,21
32354,331,34983065,1
SatoshiMines.com,16611459,17471662,1
69827719,72025924,385158861,1
18972,SpectroCoin.com,297094951,24
69849160,7,4839702,2
CoinKite.com,74068335,7020000,1
50810,51809,599990000,1
73414936,0,444974,1
50423,152,84350000,1
69775684,70612565,4889873,1
483243,Bittrex.com,1913092012,1
7675245,NucleusMarket,30933439,1
227,BitBargain.co.uk,8040822,1
28555047,Rollin.io,68503843,7
Genesis-Mining.com,107,1380092540,5
71816350,502796,1703832208,1
19099,Loanbase.com,1661532,1
2081663,1747,229130822,3
4908,25162187,493274634,3
71003654,CoinKite.com,20255200,1
70193019,ePay.info_CoinJoinMess,2486000,1
Poloniex.com,162,11356366253,3
10467121,871,199990000,1
107,69304191,971511049,2
19099,Poloniex.com,2742707,1
69880033,70376786,21756000,1
ePay.info_CoinJoinMess,73334677,86858306400,1
Kano.is,149405,15021017778,6
67813183,71633727,77769128,1
ePay.info_CoinJoinMess,73937539,86858306400,1
354,126,2194004769,3
1506795,0,22018964,1
269,354,279787302,5
271437,2725807,18347547,2
70141246,7,19878609,3
35,269,1047606,1
0,6597,23977890,1
71921356,7,19931004,1
906,70612415,679418903,1
50605,Luno.com,232905400,1
Rollin.io,Poloniex.com,69001875,1
51293,51082,237871021,1
72629111,SatoshiMines.com,51325714,3
421,396,22564535093,46
72550762,200,36554850,1
354,CoinTrader.net_LocalBitcoins.com,1398321042,3
51755,11002526,376594042,2
51961,52698,1500460000,1
ePay.info_CoinJoinMess,4050,173716612800,2
Poloniex.com,497,5144637145,3
396,69778,214969681,1
871,60,251126367,1
27723,3274,2409719,1
1477737,290,58180000,1
MoonBit.co.in,73649714,302849325,1
472,Huobi.com,7092531406,2
139,71450456,2836266376,1
ePay.info_CoinJoinMess,9952536,38270056,2
622667,69591380,114880000,1
3079877,51464,2004960000,1
Poloniex.com,MercadoBitcoin.com.br,5676938844,4
72757145,7,690000,1
59589,ChBtc.com,29985610000,1
Bitstamp.net,Betcoin.tm,357482655,2
69565262,401,42495513,1
HolyTransaction.com,0,1143686,1
1582,7369,3001000000,2
FaucetBOX.com,468,69971562,3
CoinPayments.net,BitoEX.com,901486372,12
72655180,51752,449325803,1
ePay.info_CoinJoinMess,70796497,86858306400,1
1575,2461,255529498,1
405610,497,587313420,3
73832921,52841921,29392549,1
71398086,860,64837075,1
71581023,30745899,1725666,1
16021,Matbea.com,11991176,2
259537,Cex.io,110434126,2
52484,51766,101200000,1
4355,BitcoinWallet.com,99960000,2
1228047,0,6427584634,22
354,11582,6368019417,4
194937,OKCoin.com,3805289,1
71816597,LocalBitcoins.com,144656362,1
73702174,7,30013706,5
Kano.is,497,15021017778,6
69723200,69278244,12632318,1
27914256,CoinJar.com,764993737,1
1215,ChBtc.com,7549950000,1
29562533,70717836,435970000,1
72917057,468,26574440,2
1959,Poloniex.com,31270833,1
700,Huobi.com,5306579910,2
Bitstamp.net,16768780,639960891,1
Poloniex.com,1309,59783918042,30
40319365,YoBit.net,1236524,1
69932,53150,100090000,1
497,SpectroCoin.com,65972760006,122
FaucetBOX.com,BitoEX.com,543286944,11
72884815,417,4710730,1
Bitstamp.net,BtcTrade.com,309879711,1
6252,Hashnest.com,47045382,2
CoinPayments.net,20168665,246225357,2
5623503,FaucetBOX.com,29084545,1
2512197,290,135406580,3
3368,Bleutrade.com,85080894,3
Hashnest.com,523,2040869,1
4673,126,742989,1
FaucetBOX.com,1386,179410294,17
Crypto-Games.net,Rollin.io,1100613,1
898,69383124,359985000,1
72760063,18459488,3236995,1
Bleutrade.com,YoBit.net,59257628,3
73587072,7,6843351,1
71554939,FoxBit.com.br,76964753,1
52184976,348,3397266,1
1228047,4,585878949,2
472,YoBit.net,299900000,1
14294684,CoinKite.com,253900000,1
NucleusMarket,1151,50700000,1
15553180,Cubits.com,9970000,3
72575778,CloudBet.com,2372938,1
129,162,2446010368,3
56125939,354,36344899,2
1228047,Crypto-Games.net,382382168,1
ePay.info_CoinJoinMess,1022532,72455518,1
69590093,LocalBitcoins.com,100033900,1
2506,8226,9990000,1
ePay.info_CoinJoinMess,0,20940388605320,614
25140627,1116,777535,2
BTCJam.com,Kraken.com,93950000,1
50023,73648988,99950000,1
CoinSpot.com.au,Exmo.com,1940181,1
1200666,LuckyB.it,91873000,22
59589,OkLink.com,872759200,1
51031,51834,127190474,1
BitcoinWallet.com,BTCC.com,149894640,1
4266,BTC-e.com,85335748,1
69120997,Huobi.com,17050000,1
71084752,51119,199980000,1
28243748,CoinGaming.io,2094603839,1
Bitstamp.net,Luno.com,135445092522,7
129,4,12179603,5
ePay.info_CoinJoinMess,3073,521149838400,6
NucleusMarket,23740,16913971,1
70141246,195,15490000,1
185879,19431,899990000,1
69357030,368,5952666,1
Rollin.io,Xapo.com,2467173,2
Bitstamp.net,69144722,884876953,3
NitrogenSports.eu,96,50450221,1
ePay.info_CoinJoinMess,73623403,75930000,1
849,60,116989132,1
31707,Kraken.com,92600589,1
139,18722,16089935339,1
238,417,601004396,1
1769,3274,5826881,1
73336533,1576,1785843432,2
PocketDice.io,70822184,1146979,1
57,3187,5390143,1
71188404,7,22464325,7
365071,Huobi.com,479996585712,16
71947256,BTC-e.com,164943537,2
72943763,1386,4617631700,107
3274,57,4846008,1
70612575,269,356938,2
64256851,4186,198490000,1
229519,61,196711840,2
72393866,72051252,48451630,1
72943763,421,146624200,4
ePay.info_CoinJoinMess,BTCJam.com,3526913,1
69984672,71398159,626813576,2
72943633,860,149235322,1
Rollin.io,417,1962765031,4
41082,51559,835445583,1
70662350,1469,4022860,1
3541551,Paxful.com,95380605,2
YoBit.net,Bter.com,1204378,1
71554939,NucleusMarket,40569415,1
YoBit.net,2403,45409000,1
73728551,424,4999990000,1
23052521,0,168723106,1
Poloniex.com,Bter.com,1825976984,2
SlushPool.com,CoinApult.com,12423874277,3
500116,0,49995500,1
CoinKite.com,1391,461312977,3
BTCJam.com,0,151638100,6
ePay.info_CoinJoinMess,YoBit.net,261875386772,16
Kano.is,CoinKite.com,15021017778,6
396,ePay.info_CoinJoinMess,1914452827,7
SlushPool.com,1769,14990419106,4
Poloniex.com,5632,247951032,1
417,Gatecoin.com,15490958217,2
73490222,860,203804216,2
Kano.is,CleverCoin.com,30042035556,12
HaoBTC.com,BitoEX.com,1143573490,3
396,566,187802784,1
Cryptonator.com,Cex.io,1043369,1
93141,821,661872920,1
69539981,69984672,21760095,1
2648,Poloniex.com,784865969,2
7398,233,863710000,8
1116,Poloniex.com,128120699,4
605,129,1135236949,4
1215,CoinTrader.net_LocalBitcoins.com,9999934300,1
72236394,BTC-e.com,13250000,1
YoBit.net,269,62098737,11
HappyCoins.com,NucleusMarket,299970000,1
13885298,FaucetBOX.com,67551366,1
483243,Cex.io,3316080693,1
3223,OKCoin.com,495990000,1
PocketDice.io,FortuneJack.com,1103523,1
354,74015893,735024419,1
69199627,NitrogenSports.eu,131354813,1
ePay.info_CoinJoinMess,1316,86945481,1
1228047,BtcTrade.com,2657500178,8
10038,4208,31000864,1
SatoshiMines.com,17079120,12154452,11
ePay.info_CoinJoinMess,860,60344280,1
Exchanging.ir,73989620,13032524,1
69330554,4908,38046600,1
Bitcoin.de,BitcoinFog,909100421,1
35049846,Bitcoin.de,4637822818,3
FaucetBOX.com,70717806,33326404,1
24179,LuckyB.it,200000,1
FaucetBOX.com,70770437,129268472,1
72675953,7,12064518,6
69697250,Bitcurex.com,17718300000,1
ePay.info_CoinJoinMess,NucleusMarket,2432778707,15
Cryptonator.com,HolyTransaction.com,7997256,1
809,BitcoinWallet.com,74979672,1
2465,YoBit.net,8990000,1
CoinPayments.net,290,110459354,1
SatoshiMines.com,1294,1096372,1
871,Kraken.com,11079990,1
FaucetBOX.com,72996069,129268472,1
60997896,69356979,15493918,1
FaucetBOX.com,437,11778943,1
Kano.is,12896,30042035556,12
CoinPayments.net,Vaultoro.com,4965251,1
1654888,Cryptonator.com,1963856300,5
2465,BTC-e.com,12864000,1
32622858,Luno.com,150765315,1
Poloniex.com,4126,4538585344,3
HolyTransaction.com,1370,255811176,1
Loanbase.com,BTCJam.com,67623297,2
CoinSpot.com.au,7,35875016,1
70298377,69644517,16203693,1
71241267,LocalBitcoins.com,199987500,1
906,Luno.com,2991541078,3
118992,79829,2265275100,1
Xapo.com,Coinmate.io,2645123110,1
71816350,129,1943409029,1
35806,454,8513380273,2
71685167,368,471126896,2
Huobi.com,1252,44634295,2
Poloniex.com,238,1919132264,2
73336533,14416956,2611706290,1
60,21122,1999983093,1
912,454,119039607849,1
70560560,Paxful.com,505807950,1
70979366,70639085,40980000,1
Bitfinex.com,912,22458482203,2
72446427,71921356,118917848,1
269,69356,18812314,1
72367835,0,40830000,1
ePay.info_CoinJoinMess,OkLink.com,2866324111200,33
14710117,BTC-e.com,226496270,3
70063369,37,579332940,2
CoinKite.com,968,3071290400,15
ePay.info_CoinJoinMess,74200177,86858306400,1
HappyCoins.com,6335,301196409,1
69801586,71397973,69799241,1
Xapo.com,942,28531078924,10
2080807,999Dice.com,80510000,11
1151,Poloniex.com,2426154101,3
74200013,0,12067250,1
NucleusMarket,0,336297648,6
59589,6748,23264390000,1
Kano.is,833,45063053334,18
3368,1769,25875984,1
70665113,315,2011960000,1
59589,Huobi.com,84905300600,14
Kano.is,Xapo.com,287899931613,115
1335,Matbea.com,21910895815,25
1502006,1747,304730243,13
FaucetBOX.com,37,27920234,2
1228047,269,513906913,1
33291,289,81413132,1
71293599,368,6800943,1
906,Bitcoin.de,499991205,1
Cryptonator.com,Bter.com,3618937,1
PocketDice.io,891,6223461,2
69513956,368,70359991,1
1116,386,420925480,2
PocketDice.io,YoBit.net,10138308,3
71214269,69277210,14642323,2
73074741,70141216,7207430,1
ePay.info_CoinJoinMess,1582,260817310051,26
71816350,32354,1726288588,1
1477737,Xapo.com,2865664061,7
269,Poloniex.com,15098682,2
354,BX.in.th,299826681,1
60,3578,999990777,1
73048147,72523357,7408722,1
0,Bittrex.com,391839169,33
Huobi.com,860,63197100,1
70037420,74014446,1013726022,1
72943763,999Dice.com,46450900,1
641,SwCPoker.eu,11000627,1
SimpleCoin.cz,0,217147409,1
26919550,15260310,2942321,1
Xapo.com,70717806,2534993118,1
71816350,605,1639308829,1
40537954,73937356,18490000,1
33951799,69880033,245816531,1
72943763,CoinTrader.net_LocalBitcoins.com,46450900,1
1654888,3578,60765899,1
72970216,5269835,20156134,1
17774505,LocalBitcoins.com,79990000,1
Paxful.com,Cubits.com,514784380,7
Kano.is,70403933,15021017778,6
69199627,BitBargain.co.uk,131354813,1
Kano.is,1582,15021017778,6
63412467,1144,1008908,1
50289,Luno.com,87554042,1
70063369,Xapo.com,573849188,3
396,43156702,231997532,1
69591347,73832987,9593841,1
0,HolyTransaction.com,571899,7
FaucetBOX.com,1539,742785300,7
57,107,53374306,1
SlushPool.com,47678,7502095847,2
NucleusMarket,73751904,138900000,1
Exchanging.ir,Rollin.io,21895000,1
70377594,CoinPayments.net,23047367,1
2439565,1747,45850631,1
0,HaoBTC.com,2022559,1
0,BtcTrade.com,196226815,13
71842769,71343970,251508282,2
Paxful.com,200,89700317,3
BX.in.th,2643,165645272,2
868650,BTC-e.com,69828463,2
1747,118992,9002216030,2
71528935,BTC-e.com,7393988288,2
71816350,1386,5994627808,3
73571349,7,48621055,11
1228047,1769,163194951,1
Xapo.com,LocalBitcoins.com,70173275289,24
2067,OkLink.com,2499988700,1
417,424,999980000,1
69697250,NucleusMarket,7556907805,1
Bitstamp.net,Gatecoin.com,284562543584,2
Poloniex.com,Kraken.com,68316004599,13
50811,Huobi.com,409276200,2
CoinKite.com,72156971,4799020,1
Bitstamp.net,72279715,5786262018,4
71423001,0,47306635,1
60,Bittrex.com,4488393251,5
35267759,71032462,16554996,1
37232,60,1941348028,2
396,0,432632170,2
209813,BTC-e.com,1304700,2
2550070,ePay.info_CoinJoinMess,10430000,1
71764620,Bitstamp.net,60172687,2
Poloniex.com,290,43635420578,23
69383113,73074702,20620785,1
629,HolyTransaction.com,2425726,1
72262922,72865511,148028697,1
60,Huobi.com,194858635,1
7369,155898,33026347933,1
71163044,70166894,6783432,1
71711116,49,22242206,2
80393,451,3821028,1
9378758,LocalBitcoins.com,21276450,1
289,CoinTrader.net_LocalBitcoins.com,485250000,1
69591713,50996,1212910000,1
0,BitcoinWallet.com,10869893,3
22399362,143306,3731389858,2
150953,4,13615757988,7
289,BTC-e.com,3110283126,5
69355907,200,21273325,1
398,10018926,101375561,1
Hashnest.com,360404,4902830,1
11621,70770527,2099992732,1
34662,451,7217391,2
71737584,ePay.info_CoinJoinMess,24270167,1
73256837,860,19689774,2
45048181,BTC-e.com,758988372,2
70978230,73518960,82877204,3
43156702,596297,806326966,2
ePay.info_CoinJoinMess,28927,357800818421,2
Poloniex.com,69252057,583799614,2
60,71450805,11221249884,2
71528788,368,8393280,1
69173924,23421989,8705000,1
72890632,7,25785585,1
0,6252,7518000,3
22199,Bittrex.com,110991189,1
SlushPool.com,BTC-e.com,12732036043,5
Poloniex.com,769077,202639948,1
292,441956,102290865,2
149308,LuckyB.it,151744200,65
72367940,69984656,186059480,2
74252166,ChBtc.com,8747446578,1
Poloniex.com,Coinomat.com,29167392609,7
5325883,70481742,472092327,1
70063191,LocalBitcoins.com,37105606,1
1335,LocalBitcoins.com,499980000,1
354,290,6191777445,6
SlushPool.com,Kraken.com,2580317417,1
FortuneJack.com,ePay.info_CoinJoinMess,3300633,2
72943679,70534041,26129457,1
1585,401,5487495,1
999Dice.com,Exmo.com,159416,1
Poloniex.com,FortuneJack.com,2317720854,2
1769,2648,32630027,1
Xapo.com,FortuneJack.com,41474061941,15
2385549,SecondsTrade.com,74670909,1
SafeDice.com,LocalBitcoins.com,4796690,1
1228047,Bit-x.com,1015530646,2
70089222,233,286549027,3
1654888,13398,849620745,2
396,CoinKite.com,2798208016,3
1116,OKCoin.com,115336942,1
73467019,36586430,8400000,1
29209397,497,178787229,1
343,Bitcoin.de,1740174,1
CoinPayments.net,331,1331500866,3
70325050,MercadoBitcoin.com.br,71476520,1
BitcoinWeBank.com,2922,11441224,1
71554939,1769,280679405,3
131,60,6745642148,11
9312405,ePay.info_CoinJoinMess,37793154,1
1654888,891,467244123,1
72446427,Paxful.com,124275165,2
372665,BitBargain.co.uk,160189600,1
71738297,ePay.info_CoinJoinMess,23890000,3
315,Cryptopay.me,552364733,1
73466970,BitcoinWallet.com,29037869,1
72943763,60,46450900,1
Bitcoin.de,Bitstamp.net,378253000,1
24230698,860,6375145,2
Poloniex.com,71398204,4502734,6
28243748,1138,1655083639,1
1769,Loanbase.com,53470869,2
13335,Poloniex.com,64790000,1
2125413,1747,465020878,5
70979323,398,22198080,1
FortuneJack.com,Exmo.com,21527453,3
69121354,4,61839282,1
74252166,6075,17494893156,2
58112881,290,1016779618,1
52642,70089040,134980000,1
12583,497,355494853,1
70842,72655180,181476844,1
Crypto-Games.net,73751954,3000200,1
189,777,38000222,1
5673845,368,75771924,1
1228047,860,312570567,1
MoonBit.co.in,0,2088394189,13
71816350,70427433,1223040313,1
6252,1582,6860000,1
Xapo.com,437,2700185444,1
629,MercadoBitcoin.com.br,5516234,1
1230513,Paxful.com,286997000,1
Xapo.com,884,6177653944,2
51,BTC-e.com,135331892,2
118992,1598311,6631542242,1
500116,Bitstamp.net,174580000,1
809,73518960,2145957189,1
227,1386,4300473,1
73124543,0,241629280,1
51094,51014,711197179,1
71553612,1054,6640000,1
NitrogenSports.eu,33746,6109955,1
ePay.info_CoinJoinMess,417,961450453369,21
52108,52468,365235179,1
72445738,2512197,173817752,1
0,195,134026769,17
Xapo.com,YoBit.net,104268228561,26
69539863,421,41680007,1
468,MercadoBitcoin.com.br,27174221,1
Bitcoin.de,HelixMixer,8834360312,6
354,Xapo.com,73605850331,75
417,Bittrex.com,656813689,3
244631,PocketDice.io,502977,1
60997896,0,66864706,2
MoonBit.co.in,72288535,17417422,1
1386,65,11000002,1
71554939,2506,95205290,1
2506,BTC-e.com,135920000,2
72446493,73492583,15399510,1
69252057,233,5376834,1
3120,Hashnest.com,3739380,1
Xapo.com,1070,2515014395,1
69081587,513,8031613,8
Cryptonator.com,0,4554727,2
Bter.com,Bitstamp.net,50066307,1
32317,41853224,988208000,1
70482196,72446364,572602864,1
20042,3324393,5875600,1
BitBargain.co.uk,ePay.info_CoinJoinMess,1301643965,1
37200188,70769141,51443494,1
3348,84127,82205647657,2
0,5776,55864255,2
906,833,148116871,1
954,LocalBitcoins.com,557890193,1
SlushPool.com,227,4921778430,1
69984104,4338203,58853,1
NucleusMarket,CoinKite.com,380589421,4
4338203,70218950,101856878,1
70087317,BitBay.net,3135625,1
Bitstamp.net,1103,149990470,1
8660,2506,19748000,1
72943763,Cex.io,139352700,3
122,HaoBTC.com,34981660,1
2336359,2803,326620000,1
0,849,2883097,1
1469,7369,1500000000,1
Poloniex.com,1769,557969366,1
52484,70842,1560794417,1
CoinPayments.net,69852814,50143472,1
368,BTC-e.com,8762000081,9
73231339,401,12340371,2
BitBargain.co.uk,0,199950000,1
129,351,4512621,1
4126,Luno.com,108368175,2
71450456,LocalBitcoins.com,440537488,2
107,CoinKite.com,32913704218,17
Genesis-Mining.com,ePay.info_CoinJoinMess,276018508,1
CoinPayments.net,970912,11691411,1
405610,72052093,195771140,1
Xapo.com,PrimeDice.com,2797940780,1
70715906,72655543,37919142,1
BTCJam.com,57,88257186,2
LuckyB.it,109306,2068231,5
69200072,72759076,8281540,1
ePay.info_CoinJoinMess,26666387,434205019,1
50112,51406,699097593,1
0,Rollin.io,19189604,17
61,73780649,21665600,1
0,Paxful.com,552226617,7
52125,73648988,39370000,1
Kano.is,144847,15021017778,6
72287614,7,6204385,2
768,60,26549947,1
71632624,FaucetBOX.com,2631300,1
Poloniex.com,833,20399315948,12
73414899,10789,62313697,3
73153283,70637818,16953647,1
456,BTC-e.com,152010204,1
17787,YoBit.net,1170475,1
ePay.info_CoinJoinMess,1576,87092466932,3
FaucetBOX.com,16621,317403218,12
Kano.is,70507728,10032983147,4
Xapo.com,1370,49635565091,5
12583,Kraken.com,7999984894,1
70324445,4,3010035,1
72760016,22583343,411140491,1
64475407,Paxful.com,102275147,5
Kano.is,CoinTrader.net_LocalBitcoins.com,15021017778,6
Xapo.com,Paxful.com,10439044163,4
72655547,7,20654415,10
4232919,233,2099356,1
Poloniex.com,777,568269894,1
21368174,ePay.info_CoinJoinMess,1812969,1
22013,454,5997257947,2
39221901,BTC-e.com,103588845,1
4474579,FaucetBOX.com,23840000,1
ePay.info_CoinJoinMess,1747,148700000,4
51986,Huobi.com,218080000,1
118992,2425431,13263084484,2
3368,MercadoBitcoin.com.br,201706139,8
12583,BTC-e.com,748754894,1
ePay.info_CoinJoinMess,777,5852521,2
60,303647,999990779,1
59198339,1022532,4171051,1
354,1582,553593103,1
ePay.info_CoinJoinMess,73336529,46221275566,2
15553180,937,4930000,3
70089040,69827493,1049634973,1
73490540,7,4323330,1
8679,NucleusMarket,97727772,1
69618365,833,2310799,1
101,7355396,8343199,1
71448880,811,11948315,1
ePay.info_CoinJoinMess,472,173716612800,2
73571615,72077412,33797515,1
107,69304029,984512035,2
71738318,7,518914,1
69278079,73387955,52545000,1
72445051,7277,74570,3
70927626,233,294504757,7
70063369,Cryptopay.me,410474097,1
74124945,73779497,258350000,1
61,1144,3880626,1
396,2647,1953420850,2
ePay.info_CoinJoinMess,371,176251417,1
72052199,69984672,8875526,2
Huobi.com,31298,1446620332,1
454,49054,13700280473,2
954,Poloniex.com,1188538578,2
24179,ePay.info_CoinJoinMess,312768,1
42003527,50641,347713607,1
Poloniex.com,563,13336953396,1
126,ePay.info_CoinJoinMess,5176505769,5
PocketDice.io,MercadoBitcoin.com.br,10873246,4
70612552,8740500,47820569,1
72576820,CoinKite.com,5158114,2
71162248,Paxful.com,46659573,2
5542047,1576,2307273948,2
71996831,7,4311807,1
Bter.com,Bittrex.com,261757574,6
Genesis-Mining.com,995,276018508,1
Paxful.com,497,60148045,1
Kano.is,1391,25054000925,10
0,289,255716,6
22183,170,13570000,1
69383161,49,4894505,1
1573711,52965,102688451,1
1769,CoinKite.com,4725097,1
69801586,33953109,103831853,2
51406,69591713,99990000,1
70717806,942,332473,1
73153028,368,126426048,2
10467121,269,49990000,1
124301,LocalBitcoins.com,2697717366,2
50438,51767,599990000,1
71554939,Exmo.com,622909317,9
37686970,74199571,36439136,1
461416,2581739,28768611,1
2384,CoinGaming.io,5252548,1
702763,91531,39850000,1
YoBit.net,4908,604434587,5
Crypto-Games.net,298,2267634,1
354,29227,428100294,1
70691514,4758,19100410,2
72262770,200,19323807,2
69382424,4758,9798856,2
4327041,73728551,8516990000,1
73490801,CloudBet.com,15069713,1
70583566,96,13568651,1
MoonBit.co.in,52842109,20944209,1
71685902,72655543,253460947,1
70377652,1144,108507,1
354,43774,428100294,1
72472364,71790493,79333609,1
737670,96,5190963,1
2230,ePay.info_CoinJoinMess,15401572,1
6652,HitBtc.com,33001194,1
46346214,Xapo.com,113602855,1
SpectroCoin.com,BTC-e.com,1099620348,1
7798261,965856,25562296,5
74147576,ePay.info_CoinJoinMess,198244000,3
2786285,ePay.info_CoinJoinMess,689290235,1
69200053,1309,16841909,1
203042,CoinKite.com,10260000,1
73622762,9767926,58232187,1
898,72052118,599985000,1
6246,BTC-e.com,843873614,1
69984672,73545311,43932554,1
954,1116,10432957901,2
SlushPool.com,CoinKite.com,4921778430,1
72052102,ePay.info_CoinJoinMess,6434414,1
70037420,Poloniex.com,1054903596,3
821,60,801225316,1
72103703,73596839,85274635,1
CloudBet.com,32589,127218189,1
ePay.info_CoinJoinMess,342,44469592,1
Poloniex.com,Matbea.com,373115648,2
811,BTC-e.com,481000070,1
70927660,73832608,133125387,1
72262922,73125694,134914521,1
ePay.info_CoinJoinMess,566,1013420000,2
70325236,Huobi.com,1064023483218,16
74120870,73937528,807937890,1
ePay.info_CoinJoinMess,6748,434291532000,5
ePay.info_CoinJoinMess,5348,86858306400,1
ePay.info_CoinJoinMess,Bitcurex.com,173716612800,2
26259724,71527575,499919998,1
64740,Bitcoin.de,54964872,1
1578,51,25734000,1
SlushPool.com,Bitcoin.de,7740952251,3
ePay.info_CoinJoinMess,Poloniex.com,959014609739,30
19779,1306,62693342,1
ePay.info_CoinJoinMess,1227,86945481,1
70744193,101,34121557,1
69199627,Bittrex.com,131354813,1
354,57,92788488239,101
73048147,70115333,112226771,1
0,513,168099,1
6257363,BTC-e.com,5411800,1
70063369,69304413,170165525,1
CoinPayments.net,Cryptonator.com,4737120,1
8387,343,999930651,1
NitrogenSports.eu,662,3891603,2
73649670,7,62420000,6
Genesis-Mining.com,Poloniex.com,552037016,2
1138,Cubits.com,1220553,1
2403,1144,1248861,1
1022532,189,4815431,2
354,Poloniex.com,23106864499,31
999Dice.com,1469,10411018,2
Rollin.io,Luno.com,20043888,11
71554939,NitrogenSports.eu,86238575,1
1539,7369,1500000000,1
455545,421,2900600,1
405610,MaiCoin.com,1174626840,6
73466818,401,30187946,2
0,348,3832514,2
107,Cubits.com,1539923608,2
72524767,69435431,9105139,1
71057719,60,129290000,1
72495495,71554951,91374656,1
FaucetBOX.com,73466823,33326404,1
27914256,Bitcoin.de,76331894,1
6640878,LocalBitcoins.com,172677026,1
295687,290,358218026,2
60,175,999990776,1
SlushPool.com,Luno.com,17506619884,5
69304038,7,1535020,2
70901336,497,213880000,1
6048154,662,2297500,1
60,Bitfinex.com,5649874907,1
37,CoinKite.com,45357318,1
71502876,49,4089978,1
71816350,BitoEX.com,49312208891,25
605,Huobi.com,1680633763,6
73047698,73414707,111176289,1
15493,Poloniex.com,1135805000,2
70822564,0,18039674,1
Kano.is,YoBit.net,2484231908,1
1578,999Dice.com,194193000,2
Poloniex.com,149308,901592832,1
Huobi.com,Hashnest.com,77450000,1
38344482,BitcoinWallet.com,397307884,1
126,CoinKite.com,1831170983,9
69199627,CoinSpot.com.au,131354813,1
69277210,ePay.info_CoinJoinMess,12030939,1
51857,52222,100090000,1
ePay.info_CoinJoinMess,1941,40933800,1
71633175,ePay.info_CoinJoinMess,3506402,1
YoBit.net,1138,1216524,1
1654888,1144,440632407,1
60,3535,1999983092,1
Luno.com,51203,4771414720,1
72312416,3957,5617169,1
Kano.is,32384,15021017778,6
ePay.info_CoinJoinMess,108291,6130000,1
343,HelixMixer,343502074,2
Bitstamp.net,37,6960324014,1
1651839,1747,15660588,1
52841921,70115478,54618849,1
1506795,ePay.info_CoinJoinMess,5779182,1
CoinKite.com,BitoEX.com,19251600,2
70508324,0,57129161,3
6252,VirWoX.com,6860000,1
71999710,71214269,156735956,1
51351,51712,171425179,1
CoinKite.com,2799,132546632,1
36586430,227,16959401,1
72943763,170,100173300,3
4908,1294,293336261,2
809,290,103450003084,57
2396564,1747,39027274,4
53748890,70872978,137875795,1
326396,Huobi.com,39999988000,1
73963652,70875148,24047623,1
0,HitBtc.com,18906461,3
417,CoinPayments.net,15039315,2
7398,71188764,126330000,1
69147891,331,29558018,1
ePay.info_CoinJoinMess,5269835,59284523,1
Cryptonator.com,1539,2827824,1
Crypto-Games.net,Luno.com,1608626,1
483243,Paxful.com,398151885,1
72655543,424,212529347,1
Poloniex.com,LocalBitcoins.com,45003190176,36
417,563,4858717400,4
72104561,289,237637053,2
405610,289,4698507360,24
330903,660229,599179690,1
NitrogenSports.eu,LocalBitcoins.com,1204633224,8
4364927,566,34973951,1
73487548,LocalBitcoins.com,222318936,1
71944786,58474589,163738488,1
71633838,52652060,36502666,1
3980,BTCCPool,699850000,3
Poloniex.com,970890,3237772182,1
Kano.is,0,3199494823336,1278
405610,HaoBTC.com,195771140,1
72472408,70822804,136136794,2
FaucetBOX.com,767180,8683171,1
73336533,883,10708798877,12
396,BTCCPool,45910402812,31
833,Xapo.com,348023460,2
596297,HelixMixer,217424850,1
CoinMotion.com,ePay.info_CoinJoinMess,25499183,1
Xapo.com,3765,2877059701,1
1391,0,692951922,22
5269440,1103,5809164,1
74042215,170,20493022,1
354,LakeBTC.com,756405124,1
3980,BTCC.com,399890000,3
566,494429,21178078,1
0,371,2488700,1
64769,1309,2409727,1
73858271,289,167100555,1
71318249,7,42103845,5
Poloniex.com,Bitcoin.de,43892881835,12
777,Poloniex.com,1250097,1
73258123,LocalBitcoins.com,145245997,2
5478,69199972,49225383,1
Poloniex.com,Purse.io,2992243509,1
70192364,5776,37445100,1
73868651,2230,219950254,2
37,NitrogenSports.eu,16045429,1
Poloniex.com,SatoshiMines.com,887302742,1
HaoBTC.com,ePay.info_CoinJoinMess,6072795475,2
FortuneJack.com,Hashnest.com,31000121,1
69383023,72655543,70869065,1
105520,200,1090586485,1
70193751,69539907,23982304,1
72812926,69905660,10626425,1
72182734,58102,7578852,1
1316,641,303110655,1
66692,Poloniex.com,21000773,1
483243,1769,5131607150,2
ePay.info_CoinJoinMess,71032462,90076099,1
1228047,3957,146041595,2
ePay.info_CoinJoinMess,69383146,86858306400,1
Poloniex.com,70115197,1189426,1
YoBit.net,2696,1177497,1
PocketDice.io,ePay.info_CoinJoinMess,54784812,3
69408686,Cryptopay.me,23598820,2
FaucetBOX.com,5342,25713387,1
72839276,71633861,45922001,1
23052521,LocalBitcoins.com,244915185,2
57,69382155,6285113,1
405610,BitBay.net,195771140,1
57,ePay.info_CoinJoinMess,1649491437,6
6022,290,8488216,2
45048181,BtcTrade.com,272362936,1
69173676,72995955,12185906,3
70063369,24261,29446321227,126
70534041,70744068,62409241,1
292,Luno.com,2600001,1
71450805,ePay.info_CoinJoinMess,2448904557,1
67102159,Xapo.com,299990000,1
175,354,43084127,2
51961,51691,1470550000,1
Poloniex.com,Huobi.com,30770740466,6
16962,Xapo.com,23643096,3
71554675,50289,1144520000,2
70979656,70849035,729579718,2
70744026,NitrogenSports.eu,171542707,18
FaucetBOX.com,71607582,25713387,1
8194,52123,699990000,1
Xapo.com,855,5510833734,2
70508358,1959,41338755,1
64238187,Huobi.com,57865124,1
BTCJam.com,421,4689365,1
Poloniex.com,BTCCPool,634889915,1
1585,BTC-e.com,9825823022,1
FaucetBOX.com,70691491,10104390,1
51484,53150,105380000,1
354,Huobi.com,2907404773,2
VirWoX.com,499920,2999994958,1
NucleusMarket,409267,201409000,1
69487163,883,330173500,1
45048181,763,360480436,1
Bit-x.com,Poloniex.com,109340000,2
0,1959,10556700,1
70560563,74124945,652671890,1
ePay.info_CoinJoinMess,Bitcoin.de,348188777329,12
118992,1694865,3433333261,3
BX.in.th,0,78957500,1
Paxful.com,CloudBet.com,177727957,3
292,BTC-e.com,118087593,2
126,LocalBitcoins.com,2966065341,2
SatoshiMines.com,Xapo.com,1011022,1
3319,61,25023153,3
ePay.info_CoinJoinMess,Xapo.com,3026922514489,261
60,93141,3625807421,1
354,891,735024419,1
72049349,69984672,9772666,1
405610,73258135,587313420,3
5542047,170,1982227323,2
SlushPool.com,Cex.io,19993941993,6
2468655,ePay.info_CoinJoinMess,402339959,1
74251990,401,34347177,1
71554939,Coinomat.com,92954626,1
57,Purse.io,5036316,1
72209797,1576,112497805,1
2717523,1747,190606438,3
73518149,ePay.info_CoinJoinMess,36152255,1
227,Cryptopay.me,12246293,2
0,MercadoBitcoin.com.br,27656641,18
40868,169991,99990000,1
468,0,1299006203,2
71814360,LocalBitcoins.com,2133733565,2
70741487,71032462,15634131,1
CoinPayments.net,HaoBTC.com,100032112,2
49,LocalBitcoins.com,901000091,1
1654888,289,910005543,2
24774,72419823,36893897,2
405610,2696,195771140,1
60,523,1304143344,2
70193751,71763913,18455823,1
38147,4,1971462400,1
72943763,497,92901800,2
69278199,0,691453088,2
51781,69591713,425964042,1
3368,Bit-x.com,52118602,3
71737904,61,39990000,1
1578,233,71119000,2
71816350,YoBit.net,6694702998,4
472,2647,147225370,1
Poloniex.com,33291,614255248,1
SafeDice.com,3575160,35239633,1
Poloniex.com,566,4261917050,2
70560046,73963652,32501212,1
59589,238,39240590000,3
1573711,Huobi.com,91695179,1
1335,Poloniex.com,199980000,1
118992,1837261,6631542242,1
11851,Cubits.com,2500887,1
2480,7366,13556158,1
CoinPayments.net,72051731,352522880,9
348,Xapo.com,6431198,2
35,1309,3384427,1
Purse.io,BitKonan.com,20655841,1
FaucetBOX.com,942,8267539,1
69434790,52841921,23225355,2
71450805,72837735,1642151115,1
2342791,1747,41858000,1
8740500,1747,7285987,1
0,FortuneJack.com,44492527,13
Huobi.com,BtcTrade.com,12090556039,135
50289,52032,19890000,1
417,162,38138252156,19
25009017,71137087,2699980000,1
LuckyB.it,676276,40644128,63
107,LocalBitcoins.com,36796723178,10
Kano.is,1294,15021017778,6
405610,37,195771140,1
0,578,276000,2
Xapo.com,1747,103857204378,6
129,BTC-e.com,118743617,2
0,Bitstamp.net,289885299,7
32413624,Xapo.com,64430241,2
68859058,CoinTrader.net_LocalBitcoins.com,5595312,1
70796631,1182826,65325108,1
23923143,1747,20201494,2
34263,0,11855710,2
Paxful.com,641,22478077,1
0,2531,554748,1
69199627,Paxful.com,131354813,1
ePay.info_CoinJoinMess,Bittrex.com,616023100756,47
405610,1582,195771140,1
72073418,7,9016816,1
Genesis-Mining.com,6748,276018508,1
71738297,2904491,1070000,1
71685902,69383023,253460947,1
35,1138,1400011,1
Kano.is,71475979,15021017778,6
69147637,ePay.info_CoinJoinMess,262200,1
CoinKite.com,CloudBet.com,3146848,1
566,BTCJam.com,109195471,3
Hashnest.com,762014,1700901,1
118992,3256272,4103581524,1
26259724,70377645,20180841,1
69278199,60,1297325556,4
289,227,57399687,1
1228047,50411,728167246,1
4126,35,48750294,1
BX.in.th,71136335,346179500,1
ePay.info_CoinJoinMess,72104795,16260702,1
69984672,72550682,12844680,1
0,1316,42624610,2
73728575,73674992,2397376,1
5542047,107,1920056990,2
259537,Cryptonator.com,55217063,1
1578,1294,38764000,1
70796582,BitcoinWallet.com,60290000,1
HolyTransaction.com,LocalBitcoins.com,2140198,1
72655180,50965,537285803,1
41729467,799722,16746705,1
72446364,368,33835879,1
70822804,70953641,4991362,1
ePay.info_CoinJoinMess,BitKonan.com,86858306400,1
26954,Kraken.com,1730974469,2
129,683737,3990041,1
131539,0,18900000,1
69879571,LocalBitcoins.com,279690000,1
Poloniex.com,0,79359491877,42
417,CoinTrader.net_LocalBitcoins.com,258075454,1
69723209,49,22115082,2
CoinKite.com,BTC-e.com,81244284,35
73466970,HolyTransaction.com,17373864,1
72943865,368,39099052,4
0,71816160,12136342,1
FaucetBOX.com,1149,229224093,10
0,OKCoin.com,64481554835,2
69304029,74251990,120622872,1
0,1918,1682391,10
17227739,FortuneJack.com,101180,1
64740,BTC-e.com,164894616,3
ePay.info_CoinJoinMess,525,5298356690400,61
13077,417,1005306018,1
71816350,69671033,1920842887,1
809,4,7081968927,2
57,566,87150308,4
Purse.io,LocalBitcoins.com,3032204041,15
59362441,BTC-e.com,55377746,1
Bleutrade.com,0,4869862,2
1769,4,49755297,2
71816350,HolyTransaction.com,9313429628,6
ePay.info_CoinJoinMess,64693217,216529690,1
73360669,60,1013711717,1
69173924,149308,95264000,7
1654888,4,1480514709,4
BitcoinWallet.com,7,3044535,2
FaucetBOX.com,80393,48221470,1
1598311,Bittrex.com,170930000,1
69692690,Xapo.com,5323928,3
SafeDice.com,777,1182657,1
0,1017,6366827,1
PocketDice.io,1469,1185306,1
69278079,71449835,341162537,2
Loanbase.com,3328,5970509,1
31975877,71554248,103064219,1
4266,ePay.info_CoinJoinMess,1364209812,1
999Dice.com,69591799,747295,3
50811,51630,54711995,1
SatoshiMines.com,421,4270747,2
5162,424,918040203,1
FaucetBOX.com,BitcoinWallet.com,86219274,5
354,5162,12682208936,8
69958618,Exmo.com,2317714,1
2640,BTC-e.com,264464010,1
702763,1747,45870000,1
5542047,7779201,5910224516,5
72341558,67991233,1317572061,2
32062862,BitZino.com,206090000,1
73310005,811,27757678,3
73336533,891,3247999635,2
LuckyB.it,ePay.info_CoinJoinMess,1537607653,292
298,BitoEX.com,1008795709,2
YoBit.net,LocalBitcoins.com,390102386,4
1521303,FaucetBOX.com,193779839,1
833,ePay.info_CoinJoinMess,127735532,1
20914,Bitstamp.net,1747640000,8
566,LocalBitcoins.com,1325784,1
777,BitAces.me,657676483,1
292,Poloniex.com,1038604,1
0,451,37141587,1
0,315,54582277,5
971734,72156964,157364515,1
73518968,57,182319113,1
72812937,15857340,43639147,1
FaucetBOX.com,Bitcoin.de,159699194,4
71580357,NitrogenSports.eu,4066451,1
71607573,368,55488762,2
74200200,72077813,1896907884,1
354,152,6601438617,7
73672735,999Dice.com,3376156,2
454,28486,115310925501,3
71816350,Bitcoin.de,3320541515,2
70455592,354,13860913,2
28243748,398,2210016339,1
72393866,22005675,1004677346,33
3368,PocketDice.io,55478439,2
PocketDice.io,152,11023765,7
70429474,73649517,255872000,1
72078429,BitcoinWallet.com,56309045,1
454,23512,233973858802,7
107,7015593,63852945,1
3368,GoCelery.com,13121309,1
Xapo.com,424,5173067232,2
ePay.info_CoinJoinMess,2238,28022015,1
74041205,LocalBitcoins.com,457625612,1
69749027,4,1813554,1
131,0,10014000,1
Bitstamp.net,872,17358618277,1
73778887,0,44857607,12
70063236,1294,520343,1
Xapo.com,563,15907615991,5
1054,73362177,1737847,1
96584,71528906,53629503200,10
Bleutrade.com,1218,21984500,1
Xapo.com,BtcTrade.com,62213845727,23
227,1747,2000558,1
14950759,CloudBet.com,19108569,2
69173924,ePay.info_CoinJoinMess,419839000,14
ePay.info_CoinJoinMess,64479,86858306400,1
56353767,0,250790487,1
354,73466000,299826681,1
74327403,CoinTrader.net_LocalBitcoins.com,18072959,1
Poloniex.com,641,4651572318,1
Betcoin.tm,4364927,39980000,1
69853541,49415915,203196669,1
1756235,ePay.info_CoinJoinMess,1038993,1
809,BitoEX.com,5289437987,1
70586813,200,46803490,1
Poloniex.com,57490,3906468769,2
3368,1309,25875984,1
73048147,69932507,184745099,1
SlushPool.com,14950759,4921778430,1
289,1582,51489461,1
777,269,49990000,1
Xapo.com,1575,18788220681,7
17113016,860,1856568,1
1762296,Bitcurex.com,2741412600,3
5542047,CoinTrader.net_LocalBitcoins.com,349553622,1
2093,4,2999970000,1
69200072,72078409,15684750,1
Poloniex.com,523,27748551616,11
51598,72707471,33181021,1
71237131,7,2080000,1
FaucetBOX.com,1469,364333529,5
FaucetBOX.com,Cex.io,381292923,15
71554939,351,183455604,2
SatoshiMines.com,CoinTrader.net_LocalBitcoins.com,17508454,1
69409405,1218,643900000,1
44139,Rollin.io,2680777,1
16621,72209627,7247947,1
71659609,22583343,121701053,1
1918,3957,390000,1
48009518,Poloniex.com,4694465,1
NitrogenSports.eu,Paxful.com,1339008084,4
809,ePay.info_CoinJoinMess,195347381,1
69329810,289,31914559,1
864,ePay.info_CoinJoinMess,1298461267,2
5325883,70770461,43342609,1
1833512,13637,302557004,1
1137649,LocalBitcoins.com,3977242,1
Purse.io,4,16310005,1
47654,269,16000192,1
999Dice.com,Cryptonator.com,696251,1
SlushPool.com,354,5160634834,2
Poloniex.com,942,2081147302,1
1335,71267430,99980000,1
71816350,4264230,1821403974,1
454,24774,78584282342,9
72472364,73701631,114574912,2
32062862,2799,271232731,1
69697250,372665,29405485610,2
Bter.com,BTCC.com,2568062,1
73937548,69513997,5416135,1
61,1309,19300000,1
19474319,49,20342822,1
72864546,999Dice.com,33030000,2
71761939,BitoEX.com,185304200,1
69147690,LocalBitcoins.com,12575091,1
70612396,ePay.info_CoinJoinMess,3350424,1
396,563,281312412,1
69697250,3113595,17718300000,1
315,Bittrex.com,551690696,1
0,2237,36350308,5
0,386,372236108,8
1228047,50423,1351955841,1
257316,69697250,72154600000,2
Huobi.com,LocalBitcoins.com,75178581812,16
69330819,BitcoinWallet.com,7768939,1
809,2647,6451978164,4
71816350,331,5081949813,3
47571809,170,589287,1
BitBargain.co.uk,74173144,63695200,1
71947256,71946392,124210000,1
72393684,2231466,803504100,1
354,MeXBT.com,428100294,1
YoBit.net,48860,2006000,1
126,12067426,231874929,1
Bitstamp.net,67991233,4290605717,2
74042229,72236370,240690000,1
70847528,69406736,21606355,2
2545,472,191620057,1
YoBit.net,937,14647338,2
1636154,FaucetBOX.com,1313575,1
59589,CoinTrader.net_LocalBitcoins.com,63584614600,9
72890851,49,8321540,2
5325883,70612413,39592947,1
2043730,BTC-e.com,70084807,1
0,Poloniex.com,6729031182,133
20761,Cex.io,5526411,1
70192781,SatoshiMines.com,11078091,2
Huobi.com,129,9773421249,17
Xapo.com,1116,2874999055,1
22399362,57,1865694929,1
1316,4,333480655,1
0,6048154,311541916,1
354,525,735024419,1
Poloniex.com,8577123,5327801612,2
NitrogenSports.eu,NucleusMarket,96423359,3
SlushPool.com,Genesis-Mining.com,7502095847,2
OKCoin.com,954,773867267009,59
ePay.info_CoinJoinMess,1831320,86858306400,1
354,6075,756405124,1
62274565,73675782,1387067,1
69906299,1022532,4117244,1
35,809,332984800,1
Poloniex.com,52697,3835928072,1
405610,Hashnest.com,978855700,5
354,37232,710318832,1
1050369,368,20659790,1
37686970,72341203,35641194,2
149308,662,219606000,2
292,1309,2200011,2
Exchanging.ir,NitrogenSports.eu,1745478787,1
BitcoinFog,456,100247718211,194
33291,170,81413132,1
0,2178756,14794276,4
0,170,13272908,26
70429793,Hashnest.com,530000,1
1151,Huobi.com,83286472,2
74303170,71448880,22799684,1
70821712,195,15590000,1
46096938,LocalBitcoins.com,360120750,2
59065,454,6788934178,2
69696296,49,38823156,2
396,Paxful.com,155006720,1
1316,0,26123783,1
5232,4,10647760,1
69119943,368,7633946,1
71212847,SatoshiMines.com,10336415,1
FortuneJack.com,Luno.com,1990000,1
Paxful.com,269,249942665,2
70269258,1747,18360689,1
71188562,73832987,11412072,2
72446493,73047698,268151634,1
446081,343,66764465,1
73153035,71685877,4204359,1
Purse.io,CoinTrader.net_LocalBitcoins.com,62190000,1
71659769,Bitstamp.net,124962668,1
69565263,9767926,18894563,1
73072773,7,5659500,2
1335,11152,142736200,1
72103703,70141217,11311734,1
0,BitAces.me,100000,1
4126,354,1172447262,22
71554939,YoBit.net,151766636,2
71450456,7,683614009,1
ePay.info_CoinJoinMess,CoinKite.com,612799250,3
118992,22972856,470041524,1
612629,Paxful.com,125030000,1
Huobi.com,2141,1421805696,18
ePay.info_CoinJoinMess,3274,114576186,1
YoBit.net,0,44099029,7
HaoBTC.com,OkLink.com,109983072,4
3368,HolyTransaction.com,124078187,5
59589,129,7219037800,3
0,Huobi.com,456516747,40
73072705,71032462,9618618,1
MeXBT.com,LocalBitcoins.com,299970000,1
354,1539,2497802494,5
70324445,CoinTrader.net_LocalBitcoins.com,172077251,1
11621,Xapo.com,515000978,1
72655543,9378758,212529347,1
2428,72313633,48950862,1
51032,69591713,9990000,1
FaucetBOX.com,SatoshiMines.com,8683171,1
864,Kraken.com,19869080,1
71450763,368,31240000,1
954,57,19780406342,1
FortuneJack.com,641,1101143,1
Kano.is,72341503,15021017778,6
SlushPool.com,0,371699538906,113
64479,290,18216237,1
Xapo.com,72209852,5397261300,2
Bitstamp.net,LocalBitcoins.com,12887890310,9
1022532,ePay.info_CoinJoinMess,409729952,7
Xapo.com,70403814,2650457187,1
906,70795265,999982409,2
39673,BitAces.me,152797825,1
71738265,69382371,33331087,1
60,54597475,809402098,1
1215,Huobi.com,471883197812,40
NitrogenSports.eu,70744180,17001000,1
70455427,8475,377980440,2
73884724,70638958,20852400,1
1575,421,7314343,1
605,354,314095782,3
605,2643,1419457336,4
37,LocalBitcoins.com,543827122,1
76526,LocalBitcoins.com,4796010871,1
MoonBit.co.in,Xapo.com,603776912,8
Xapo.com,CoinSpot.com.au,2619402749,1
1506795,170,8650462,2
70717037,71633838,6023250,1
NitrogenSports.eu,1391825,77022521,2
Xapo.com,331,20746191346,8
269,523,1761366,1
50811,69565686,827323100,1
354,3810,1095713557,2
72179535,69406736,1990000,1
71816350,629,4300820918,3
5162,OKCoin.com,1836080406,2
CoinKite.com,LocalBitcoins.com,188293928,3
72446427,BTC-e.com,1129871279,2
70479234,ePay.info_CoinJoinMess,1292135,1
11944,7,199994466,1
72943763,0,7105793500,169
3126657,LocalBitcoins.com,1704490000,1
Poloniex.com,SafeDice.com,2682132372,1
MoonBit.co.in,2213411,316332522,1
25695512,70796386,47942466,1
162192,0,807676613,2
71241267,CoinTrader.net_LocalBitcoins.com,404301000,1
1573711,50038,297781549,1
70141425,860,41050391,1
Xapo.com,61,12611932116,4
69801483,BTCCPool,84490617,1
1739276,451,1700758,1
22176,454,466900452,2
1054,61,71306518,2
227,368,6480248,1
SlushPool.com,1469,2580317417,1
73542445,2624,41618762,1
0,2428,4700000,1
SatoshiDice.com,ePay.info_CoinJoinMess,330391957,2
70534041,71816082,109467953,1
2329,Cryptopay.me,2005669,1
59589,LocalBitcoins.com,17236508100,3
468,Exmo.com,79232285,1
70875166,BTC-e.com,22123632,1
Xapo.com,7779201,3382171549,1
71816350,351,8344852677,4
71058547,16971,42421723,1
27914256,ePay.info_CoinJoinMess,271585741,1
Xapo.com,Cryptonator.com,71216367415,25
354,Bitcoin.de,299826681,1
73048147,72603512,67098015,1
52108,Xapo.com,405145179,1
ePay.info_CoinJoinMess,20042,86858306400,1
PocketDice.io,331,1370000,1
FaucetBOX.com,6553076,9353645,1
5476649,33670164,802892111,4
129,48860,219081190,1
Exchanging.ir,72393866,276339971,1
52610,53326,152070000,1
Poloniex.com,472,7148635304,6
51094,50032,81223000,1
354,BTCJam.com,735024419,1
SatoshiMines.com,497,6020000,1
HolyTransaction.com,1469,1465000,1
4126,47654,306818110,6
16621,1747,78948197,3
ePay.info_CoinJoinMess,Bitbond.com,86874567102,2
16621,96,6736629,2
ePay.info_CoinJoinMess,Exmo.com,260751170617,4
Poloniex.com,1294,19681683380,10
Bitcoin.de,Bit-x.com,398966003,1
70203418,LocalBitcoins.com,2899970000,3
ePay.info_CoinJoinMess,71319609,99980000,1
Xapo.com,Cubits.com,60096707710,20
69723209,71866195,19247639,1
69539900,Exchanging.ir,69938298,1
1654888,69723381,383040364,1
271437,0,15212464,2
ePay.info_CoinJoinMess,71137091,7229596471,1
FaucetBOX.com,3179,17954582,2
FaucetBOX.com,62011178,129268472,1
1228047,Cubits.com,104619472,1
Xapo.com,523,5102150036,2
1587738,1747,250627907,3
0,70717800,7972300,1
70396117,7,15772116,2
107,898,14410253892,3
348,Poloniex.com,8464952,1
72865528,368,28536119,1
73987288,Cex.io,1208550848,1
71450805,BTC-e.com,5512943252,3
46020326,2468655,103590000,1
BX.in.th,424,5278083561,4
365071,2184,599995732140,20
405610,523,978855700,5
72839276,69644696,194754039,3
72681711,Cryptopay.me,9980109,1
57,SwCPoker.eu,6425977,1
2739057,Bittrex.com,19237230,1
6484665,51806,1361342800,1
72733751,Xapo.com,13302854,2
Poloniex.com,FaucetBOX.com,1742471768,1
73727506,71032462,9815539,1
405610,72315294,195771140,1
SlushPool.com,421,10068640676,3
68873411,Cryptopay.me,2439897,1
72262922,73963533,95153982,1
Rollin.io,1918,101193100,1
SatoshiMines.com,ePay.info_CoinJoinMess,6953074,3
BX.in.th,3187,153777607,1
175,Poloniex.com,2150956501,4
74226366,53945018,117894115585,2
70927660,BTC-e.com,76404270,1
BTCCPool,1215,115823000550,33
BitcoinWallet.com,2643,22609572,1
Paxful.com,71398009,37615399,1
8387,315,999937842,1
SatoshiMines.com,307899,2132077,2
FaucetBOX.com,70114969,129268472,1
69984509,BTC-e.com,97326932,1
BX.in.th,269,157110919,2
BitBargain.co.uk,LocalBitcoins.com,1496610776,2
71816350,Bittrex.com,7676726610,4
4907947,FaucetBOX.com,35997570,4
1296830,1747,328418882,4
74172449,1539,2323052,1
70978230,72209815,17330277,2
60,821,7264099377,4
1654888,64256239,832435737,2
527291,1747,322002711,6
1386,SatoshiMines.com,1900005,1
FortuneJack.com,Cryptonator.com,13662912,4
Gatecoin.com,Poloniex.com,9999990000,1
269,47678,95730072,1
CoinPayments.net,72157162,49888640,1
ePay.info_CoinJoinMess,60,86858306400,1
1228047,Cryptopay.me,256861774,1
69827813,72025875,6355506,1
1654888,1469,906318040,2
483243,1050369,4738629000,1
107,566,20787351,1
Huobi.com,417,12008304214,4
Bitstamp.net,CloudBet.com,9591087853,1
57,YoBit.net,984227,1
73179451,69487530,125440000,1
CoinPayments.net,289,181243803,1
70036681,70246061,12990000,1
629,BTC-e.com,168593,1
405610,Paymium.com,195771140,1
405610,199545,195771140,1
1215,CoinJar.com,99999900000,2
9312405,497,21003827,1
70953245,Bit-x.com,1937764,1
1798,BTCJam.com,10154646,1
SatoshiMines.com,0,46609346,17
6252,73100100,23522691,1
BX.in.th,Bittrex.com,2937081500,1
73336533,73806177,4101146418,1
Xapo.com,833,13652861441,5
1578,69382791,357617001,2
71816350,Poloniex.com,34425153320,19
72209631,883,600641,1
3368,71606356,25875984,1
69591287,ChBtc.com,9756147,1
FaucetBOX.com,70534569,8389700,1
999Dice.com,HolyTransaction.com,7483349,1
Poloniex.com,735,244924695,1
73336366,73336518,143217037,1
0,108,1033891,1
61,Matbea.com,884882096,10
483243,108,229751885,1
4126,421,49425480,1
72262922,69304235,19947244,1
69775834,BTC-e.com,164897810,1
1228047,Rollin.io,5602689456,18
405610,71972657,195771140,1
417,3187,514568999,1
10656886,69879909,14332705,1
0,73571349,7405185,1
94280,354,18001612,1
1228047,6274,358667914,1
73989675,Bittrex.com,241990000,1
60,8388,11197292646,2
NucleusMarket,566,2008141,1
72103703,BitcoinWallet.com,86859988,2
101,41194347,13632866,3
70377588,CoinGaming.io,4583709,1
483243,17774505,2256847357,1
BitVC.com,Huobi.com,702586855,2
1335,51,590043741,1
72472364,73519014,48013177,1
73622762,73310265,31198571,1
CoinKite.com,35,242626407,1
ePay.info_CoinJoinMess,2545,1824024434400,21
942,170,1300064,1
52184976,0,38846096,7
906,809,12165446560,16
34965,112485,40506827,1
61,CoinTrader.net_LocalBitcoins.com,515403796,9
Coinroll.com,60,464285000,2
70874764,NitrogenSports.eu,2005000,1
SatoshiMines.com,Luno.com,1130661,1
73414816,0,17898200,1
60,343,999990776,1
295687,BtcTrade.com,259950000,1
72733751,Cryptonator.com,9973471,1
20049804,1747,82970000,1
53693198,Xapo.com,47245203,1
LakeBTC.com,189,238995749,1
6252,170,4598764,1
73413077,0,951422,2
CoinJar.com,1151,769365010,1
64755,LocalBitcoins.com,682967090,1
354,63073,542120454,1
2696,SatoshiMines.com,5830000,1
Bitstamp.net,CoinTrader.net_LocalBitcoins.com,285319884729,2
Xapo.com,227,29445894547,11
FaucetBOX.com,4,2637119351,101
BitcoinWallet.com,70534041,4651012,1
71554939,0,838618700,13
3187,292,39602928,1
65,YoBit.net,1757998,1
266868,Xapo.com,18449824,1
71816350,73858387,2022416790,1
11491,40842,20203116912,9
72627169,PocketDice.io,1320000,1
71554939,HolyTransaction.com,7291124848,102
73335292,368,10367382,2
70089229,53644,299970000,1
999Dice.com,1539,10170789,1
999Dice.com,289,17656819,3
Xapo.com,298,2568978578,1
73493278,0,94768126,1
69984509,71136945,34798110,1
SatoshiMines.com,72629111,61803569,4
2160,70298723,813576,4
4126,Cryptopay.me,44780809,1
999Dice.com,70743378,2342255,1
72183508,LocalBitcoins.com,300278679,1
5632,Bitbond.com,6323586,1
72024568,4,3892806,1
6037,25263,517679003,1
73832915,69749440,31114969,1
Kano.is,227,15021017778,6
3088766,ePay.info_CoinJoinMess,1184939,1
FaucetBOX.com,74147569,25713387,1
Hashnest.com,1116,11790393,1
72550682,71869112,12718697,1
40948331,72576656,59085387,1
69147641,5620,65034467,2
71840457,71502868,36545157,1
101,16962,48467948,3
472,BitVC.com,499870000,1
72262922,69147682,165864137,1
5542047,CoinPayments.net,4445961,1
Paxful.com,4,99961484,1
72655180,53130,199990000,1
398,3583642,9990151,1
60,33847,963724238,1
FaucetBOX.com,CoinPayments.net,42841464,3
29588,LocalBitcoins.com,152853122,2
ePay.info_CoinJoinMess,25813496,15396274,1
641,629,2800238,1
69199627,Poloniex.com,131354813,1
3368,107,55478439,2
70193751,ePay.info_CoinJoinMess,9265747,1
60,126,3539989740,1
10474675,4,4745849,1
72472364,73754559,24029039,1
1472686,CoinApult.com,46680000,1
8660,348,42799000,1
0,73309914,4426700,1
4126,289,71443409,1
1227,ePay.info_CoinJoinMess,1105825,1
73231614,19236810,358272307,1
71554939,1582,292164153,4
ePay.info_CoinJoinMess,523,260957858087,6
Xapo.com,71133908,5181874339,2
1233363,833,340000,1
50760093,777,840000,1
SimpleCoin.cz,60,291790055,1
70271780,368,3381223,1
FaucetBOX.com,71999699,16520915,1
CoinPayments.net,4483461,6280051,1
Hashnest.com,69355779,100004473,1
0,129,1565356,5
Hashnest.com,BitcoinWeBank.com,85997384,1
60,57,999990779,1
52235,51262,400350000,1
29562533,72367051,559090000,1
0,16621,17014663,4
69984647,BTC-e.com,3987721,1
451,44609,3452648,3
51484,69591713,9990000,1
FaucetBOX.com,1316,27635499,3
SlushPool.com,Xapo.com,22560486822,7
70377464,0,86570883,1
Exchanging.ir,LocalBitcoins.com,623428799,1
HaoBTC.com,195,40061544,2
71999710,69330772,180830734,1
Hashnest.com,2630,225454475,1
71161818,70927626,30500000,1
64249570,860,8623088,1
69697250,9914133,48102227805,5
354,BitBay.net,428100294,1
5542047,Luno.com,103526559,1
51218,52376,528530000,1
483243,BX.in.th,4961332400,1
71868814,96,20422341,1
51975,51420,100090000,1
Kano.is,Bitstamp.net,15021017778,6
72472128,69406736,65352658,1
96584,Bitstamp.net,21817057426,2
269,24439,93753303,1
73963652,69409397,115259662,1
6252,150330,4598764,1
6048154,49925,547522256,3
73336533,315,5301795616,3
768,Poloniex.com,79061620,1
60,443972,1999983094,1
69644324,49,31293270,1
70089229,69591713,242261258,1
50811,72155587,1148143100,1
Bter.com,2643,764228923,3
409499,LocalBitcoins.com,202622036,1
506613,BTC-e.com,540900000,1
0,566,124397404,18
Xapo.com,BtcMarkets.net,4956276608,1
69510767,7,16721516,4
Hashnest.com,107,30958474,2
30210565,368,23289185,1
ePay.info_CoinJoinMess,72498745,86858306400,1
Xapo.com,72130679,2557668436,1
72130580,1747,25314565,2
YoBit.net,BTC-e.com,9123467,3
483243,MercadoBitcoin.com.br,13059437541,3
72969473,49,12050689,1
SlushPool.com,59833,4921778430,1
ePay.info_CoinJoinMess,70325075,153970000,1
7971692,Bittrex.com,635097542,5
71032452,BTCC.com,10940000,1
73596404,BTC-e.com,649063060,1
Paxful.com,NitrogenSports.eu,558248171,7
71450805,Poloniex.com,4437945063,3
999Dice.com,662,6254018,3
ePay.info_CoinJoinMess,855,54628024,1
35049846,CoinTrader.net_LocalBitcoins.com,1528910000,2
Poloniex.com,1306,904394737,1
1215,OkLink.com,12519884300,2
70586820,69723209,202227583,1
69904601,96,122592048,1
72839276,73832987,99990000,1
271437,Vaultoro.com,4914917,1
73258123,72287059,110577295,1
72706288,401,3863760,1
74065658,227,406100,1
405610,Huobi.com,195771140,1
BitcoinWeBank.com,Bittrex.com,18082632,1
37,891,28985744,1
354,2063784,756405124,1
Kano.is,69251969,2500593831,1
70297721,72891686,10899835,2
32354,1747,15430000,1
Xapo.com,6553076,2688403328,1
70770466,368,13045000,1
ePay.info_CoinJoinMess,25820315,2971323,1
51857,Xapo.com,48757179,1
72679561,0,19178959,1
CoinPayments.net,Cubits.com,70971559,1
1234442,60,2444961168,1
60,35049846,3572604418,2
Hashnest.com,Bleutrade.com,1095530,1
FaucetBOX.com,1773037,16520915,1
129,ePay.info_CoinJoinMess,5175918,1
72497478,4570,2166168,1
71189185,Bitcoin.de,12763065,2
Bitstamp.net,FortuneJack.com,2199310799,1
57,CloudBet.com,574198399,1
833,Exmo.com,106477090,1
ePay.info_CoinJoinMess,6075,434291532000,5
NucleusMarket,ePay.info_CoinJoinMess,2568744105,25
0,Luno.com,1638273805,4
73597791,513,2170664,1
6252,Bittrex.com,23522691,1
129,24493,60912356,1
1022532,BX.in.th,1812223826,5
Huobi.com,BTCC.com,7502032625,119
CoinPayments.net,MaiCoin.com,525559760,3
23052521,10196,667997079,1
NucleusMarket,BtcMarkets.net,275547382,2
Kano.is,CoinJar.com,15021017778,6
39799,290,49999990000,1
28243748,NitrogenSports.eu,3276350278,2
73858803,5198869,34705615,1
NucleusMarket,Poloniex.com,19788757,2
70089418,170,1608538,1
ePay.info_CoinJoinMess,292,86858306400,1
60997896,71135969,42862193,1
60,6949713,716569820,1
72890839,72288531,13910000,1
1022532,71737904,173740305,1
7675245,ePay.info_CoinJoinMess,131920000,1
70325312,BitcoinWallet.com,9543412,1
73217938,2230,1090848386,1
71553156,Cubits.com,145482,1
122,175,5942179217,3
7355958,2647,8508854,1
74251827,CloudBet.com,31179786,1
Cryptonator.com,CoinKite.com,4879741,2
BitZillions.com,1200666,13029040,1
999Dice.com,233,120930,1
LuckyB.it,23421989,165319816,6
259537,Luno.com,55217063,1
70978140,73832987,10102790,1
4940,676276,24880000,1
70665155,0,17567410,3
1228047,CoinKite.com,3053399032,10
Paxful.com,SwCPoker.eu,78970883,1
52386,51560,100080000,1
1022532,0,47639600,1
5632,Poloniex.com,33425086,3
51374,50320,283180000,1
16621,Cryptopay.me,4576354,1
ePay.info_CoinJoinMess,6919,57194502,2
72812731,4,502479589,2
3368,289,553942396,22
71553612,FortuneJack.com,82269955,1
71816350,57,2725344076,2
31707,BTC-e.com,185201178,2
Purse.io,0,1007625903,7
41853224,7,999969996,1
51,LocalBitcoins.com,111230466,2
1218,61,2687294542,36
70193751,69801176,17840471,1
Betcoin.tm,57,35856632,1
Huobi.com,CoinTrader.net_LocalBitcoins.com,26266550151,9
71869225,871,20062605,2
60,CoinTrader.net_LocalBitcoins.com,3999963110,4
Exchanging.ir,69539900,1765798787,1
Xapo.com,FaucetBOX.com,70542187367,23
2173760,69618013,229358681,1
58763,Poloniex.com,88868225396,2
Purse.io,CoinPayments.net,30601532,1
Kano.is,315,60084071112,24
396,152,45350637472,38
ChBtc.com,25600,59323146946,3
SlushPool.com,18419,2566544829,1
73699258,69487512,23947834,1
Kano.is,Loanbase.com,15021017778,6
691769,CoinTrader.net_LocalBitcoins.com,105323792,2
SafeDice.com,2696,4108907,1
4126,Xapo.com,131642682,3
51351,51903,300180000,1
71215127,52841921,12644000,1
7089026,71764135,3620107,1
ePay.info_CoinJoinMess,809,228839570,1
354,Cryptsy.com,553593103,1
ePay.info_CoinJoinMess,GoCelery.com,86874567102,2
289,2506,173745410,1
4908,47654,493274634,3
54290099,96,12080663,1
2403,Exmo.com,1799625,1
73648988,50102,199980000,1
Xapo.com,CloudBet.com,63015932971,22
6652,Bittrex.com,99993281,1
289,170,237222571,3
BTCJam.com,BitPay.com,34312000,1
139,LocalBitcoins.com,28123110832,11
70063340,BTC-e.com,260747064,1
0,269,55247346,9
2237,Poloniex.com,10001000030,1
Bitstamp.net,Poloniex.com,53896679529,15
19298,BTC-e.com,11052054,1
74120883,BTC-e.com,105310742,1
101,57556,48666036,1
999Dice.com,1309,127723592,6
Bitstamp.net,566,11999989129,1
BTradeAustralia.com-incoming,1227,10615007082,2
69539981,ePay.info_CoinJoinMess,17907721,1
ePay.info_CoinJoinMess,55244,86858306400,1
25695512,74121075,17626662,1
6652,Poloniex.com,15479743,1
354,29427,9029822094,6
354,19381,553593103,1
1391,269,1441307,1
367303,71084809,15122899,1
Cryptonit.net,139,799787000,1
298,Cryptopay.me,501665025,1
1316,YoBit.net,666233237,2
73989621,497,722227,1
ePay.info_CoinJoinMess,70691657,57903387,1
50180,Luno.com,143584000,1
745,Poloniex.com,954329987,3
454,37341,76879618528,3
402221,Exchanging.ir,32103017,1
Xapo.com,315,5082433659,2
8204715,233,43339600,2
CoinKite.com,MercadoBitcoin.com.br,699990000,1
72907925,2230,77615434,1
Hashnest.com,269,67412206,3
ePay.info_CoinJoinMess,777Coin.com,350000,1
354,2230,1028035604,1
71685877,LocalBitcoins.com,53076978,1
162192,32413624,617984455,1
35049846,Bittrex.com,5645012818,6
118992,3610679,1006141087,1
51961,50177,1270230000,1
0,SafeDice.com,8721051,5
PocketDice.io,883,2892738,1
354,129,430944746,1
5184258,Cex.io,1193043651,1
139,Poloniex.com,5000106086,2
Xapo.com,3751,6546884206,2
SatoshiMines.com,BTC-e.com,1340708862,3
MoonBit.co.in,1294,23947782,1
70062629,368,137980992,1
0,BTCC.com,115333506,9
Huobi.com,Paxful.com,547650058,4
451,36455,3736666,3
65795187,4483461,26405202,1
73832817,69513997,161082251,1
69226075,289,30485320,1
BTCJam.com,Luno.com,7491000,1
351,Cryptonator.com,2960000,2
73493278,CoinTrader.net_LocalBitcoins.com,366554221,2
YoBit.net,4126,155220017,12
1226470,Luno.com,39466244,2
Bitstamp.net,70978140,1229359281,1
Hashnest.com,45550,360990044,1
73754556,513,1712702,2
60,6441,999429195,1
Poloniex.com,424,3524089454,2
Xapo.com,46013,2542776645,1
NitrogenSports.eu,1116,1897844,1
Poloniex.com,126,290759376,2
SlushPool.com,4,4921778430,1
0,3748245,40000,1
ePay.info_CoinJoinMess,OKCoin.com,16503710867798,192
ePay.info_CoinJoinMess,71241457,233234268,2
Luno.com,50320,4771414720,1
72839276,74015208,25625172,1
51961,51766,412036995,1
70953245,0,100608200,1
73310715,71241457,169489151,1
129,Bter.com,11769244,2
Genesis-Mining.com,CoinKite.com,276018508,1
BTCJam.com,1769,99950000,1
Paxful.com,ePay.info_CoinJoinMess,536200736,5
2067,Gatecoin.com,9999988700,1
21160,454,2442571757,2
72443621,LocalBitcoins.com,29694886,1
69409245,4,5752000,1
ePay.info_CoinJoinMess,629,271858199,2
YoBit.net,CoinGaming.io,88429389,3
73336533,57,973569046,1
51523749,308045,22221610,1
69356,175,114514396,1
2445947,71319609,2976000,2
Poloniex.com,269,28235477878,9
0,4186,2027065,1
1335,BTC-e.com,990023741,2
71188601,70770268,14528794,1
1316,Xapo.com,381210000,1
ePay.info_CoinJoinMess,Hashnest.com,434618018223,8
0,290,346424446,20
Cryptonator.com,189,2490002,1
6252,73466823,4598764,1
Bitstamp.net,ePay.info_CoinJoinMess,9373768286,6
0,2230,2488652,1
ePay.info_CoinJoinMess,107,173761082392,3
51781,1247276,643474042,1
73388743,Paxful.com,147544345,2
396,HaoBTC.com,1549094514,6
108291,Cryptonator.com,12424600,2
2579901,CoinGaming.io,51671414,1
7949682,LocalBitcoins.com,150111300,1
33485620,3328,91347995,11
71816350,MercadoBitcoin.com.br,46133981372,26
Huobi.com,OKCoin.com,33533910661,6
73205466,Paxful.com,179311989,1
73361777,833,40620000,1
1215,Luno.com,2519950000,1
2214,421,3650010,1
70560570,7,8708542,2
CoinPayments.net,Xapo.com,811795702,8
Xapo.com,777,7797608067,3
454,32561,125299138741,4
73518968,ePay.info_CoinJoinMess,169024089,1
18722,11310336,17530311088,1
ePay.info_CoinJoinMess,CoinTrader.net_LocalBitcoins.com,608635330646,12
65198,Xapo.com,209279688,3
Rollin.io,566,69990000,1
906,72497653,6905573053,8
577504,LocalBitcoins.com,68593096,1
56948,777,28124826,2
3594434,233,168807776,2
16105677,566,56771704,5
Xapo.com,16621,7740619870,3
60,1103,999990777,1
1567,Bittrex.com,966500,1
74328074,LocalBitcoins.com,71608180,1
BX.in.th,523,722501000,2
0,1769,13876516,4
59589,162,35125834400,2
FaucetBOX.com,1769,29203604,3
70063191,NucleusMarket,15070000,1
70010813,73728662,45718977,2
72655180,51857,645468001,1
1228047,CoinPayments.net,669807911,3
0,3279,1010740,1
Poloniex.com,4908,10716706506,6
68856934,72628573,134047574,2
2237,289,82984549,2
126,64475407,383252459,6
Huobi.com,Bitstamp.net,18215727462,5
2542990,1747,51990000,1
354,32840200,6346638712,4
60,Xapo.com,3002934015,4
49513984,1747,13942000,1
0,1103,58604589,7
ePay.info_CoinJoinMess,891,214564602,5
3594434,BX.in.th,767731500,1
ePay.info_CoinJoinMess,96,61955667,4
1477737,4,2314630137,5
0,1098,3496503,1
483243,5632,302368128,1
57866224,49,24127047,1
999Dice.com,714786,775724,4
69984509,70351580,46889760,1
FaucetBOX.com,HitBtc.com,42148307,4
28243748,Cryptopay.me,1690912339,1
Bleutrade.com,BTC-e.com,25634482,3
45048181,Xapo.com,3945119476,16
CoinKite.com,5941,2590061,1
Paxful.com,7,516264309354,3629
6252,CoinTrader.net_LocalBitcoins.com,4598764,1
72655180,9035518,699488001,1
Hashnest.com,1769,18371931,3
70399544,ePay.info_CoinJoinMess,5580000,1
BitcoinWallet.com,OkLink.com,108591773,2
979585,354,31058488,1
526142,Bittrex.com,4999990000,1
131,821,3768072000,4
9986807,60,868100000,1
2425431,1747,99520000,3
17427381,0,12600840,4
999Dice.com,Hashnest.com,40344912,2
1654888,2530385,488780618,1
ePay.info_CoinJoinMess,2643,3734931199682,45
662,NitrogenSports.eu,24385491,1
CoinGaming.io,4,1644238,1
72760095,7,123996857,9
45048181,MaiCoin.com,350351308,3
Bitcoin.de,96,899805016,1
Xapo.com,1469,18250490545,7
70691186,Kraken.com,200183776,2
35,BX.in.th,2628158,1
CoinPayments.net,883,78392929,1
72681489,0,38451748,1
52329,70369,30269026,1
PocketDice.io,1316,31971785,1
4908,Cex.io,143524929,1
Poloniex.com,1218,9178558909,3
91531,1747,70135894,3
107,Xapo.com,855552862,3
SlushPool.com,BtcTrade.com,7502095847,2
69984672,73727506,104690539,1
FaucetBOX.com,Bit-x.com,157936228,4
1022532,1309,523405600,6
0,Crypto-Games.net,902021,5
70298721,830,109990000,1
69173741,YoBit.net,260064344,2
326403,72182100,28297046,1
70167501,70089399,8275254,1
35930791,LocalBitcoins.com,592391607,1
Paxful.com,16768780,21708497,1
0,1138,38860543,4
72341203,ePay.info_CoinJoinMess,101164005,3
71554939,999Dice.com,165912523,3
405610,896,195771140,1
71920703,LocalBitcoins.com,212525985,1
6048154,3187,401938300,2
70796582,71842691,46777291,1
19236810,BTC-e.com,582278896,3
ePay.info_CoinJoinMess,BitZino.com,2200589,2
11582,0,546000318,1
Poloniex.com,1103,76808653,1
289,999Dice.com,110427155,2
1218,233,70827520,3
70796631,Xapo.com,98740000,1
1116,YoBit.net,22910082,1
7325646,368,3994971126,4
Xapo.com,398,28767382891,11
Huobi.com,4395,6960091,1
3274,0,6893569,1
Bittrex.com,58763,88868245396,2
CoinJar.com,HelixMixer,428724124,1
1654888,BX.in.th,124974437,1
107,60,51924051638,7
405610,57,587313420,3
61,1294,128452192,3
73989620,SatoshiDice.com,6553950,2
72943763,129,146624200,4
ePay.info_CoinJoinMess,2445947,75930000,1
72130679,Xapo.com,14516670,1
69487530,Luno.com,526478002,3
73989670,71528215,9372370,1
Xapo.com,Paymium.com,2539214154,1
SatoshiMines.com,228573,8311172,3
2922,Bittrex.com,9505557,3
354,Bter.com,727926975,2
70534041,70612183,420030407,1
Poloniex.com,164,1676052629,2
72943763,BX.in.th,119763000,3
0,2643,9854079,1
0,Bitbond.com,1276000,2
ePay.info_CoinJoinMess,Kraken.com,1156421129,4
BTCC.com,1215,100602945058,4
4810,Poloniex.com,4099883499,10
129,Bittrex.com,365847166,4
Poloniex.com,5067874,1169389783,1
16962,Cex.io,4357154,1
HappyCoins.com,ePay.info_CoinJoinMess,299970000,1
45048181,57,393297936,1
28243748,566,1928974839,1
954,72075381,299950000,1
605,1647,64070847,1
1200666,BitZillions.com,4558000,1
405610,Poloniex.com,1957711400,10
16536498,70717800,143523633,1
60,NucleusMarket,7999981555,2
Xapo.com,107,32405201013,11
18981,57,1462491,1
HolyTransaction.com,7,7980822,6
72104671,368,12915372,1
Bter.com,354,547517413,8
ePay.info_CoinJoinMess,20673,86858306400,1
72970164,19431,5738724,1
57,CoinKite.com,671013859,3
71816350,421,5467163823,3
68211955,401,120378572,1
2336359,1747,51791187,1
39411,454,165229637,1
70141217,49,15900946,3
1215,129,2519950000,1
1477737,BitoEX.com,48200000,1
73807082,69827804,2320861066,1
906,ePay.info_CoinJoinMess,499991205,1
73493167,860,13596710,1
8388,454,27590326594,5
72943763,233,46450900,1
50290,73517524,169070000,1
73590338,2230,223525477,5
NitrogenSports.eu,612629,172017153,2
105641,29562533,1000378824,1
73807082,73623607,119354864,1
Kano.is,Bter.com,15021017778,6
GermanPlazaMarket,69513979,2060000,2
8204715,69801336,6990000,1
2202918,1747,415370260,4
73046372,24427450,5485053,1
72209627,70010813,46688660,3
Xapo.com,289,115003537846,40
289,Poloniex.com,88813656,2
74304487,73336555,26606227,1
1022532,Matbea.com,538437759,4
70770116,421,224019630,3
NitrogenSports.eu,566,7180803,2
238909,Cryptopay.me,1371746317,1
Poloniex.com,72839110,963242586,1
Bitstamp.net,2237,205849085,1
14527405,ePay.info_CoinJoinMess,3178563125,7
396,Luno.com,354625302,2
Xapo.com,1144,37065850055,13
2331,Poloniex.com,46038911,1
6252,Cryptopay.me,4598764,1
289,44487812,73361106,1
FaucetBOX.com,FortuneJack.com,18267265,2
Bitcoin.de,Bittrex.com,9883805431,8
898,NucleusMarket,1200820000,4
74278506,BTC-e.com,12029489,1
118992,72130580,2275275100,1
50686,Luno.com,347045958,1
CoinKite.com,4673,718000,1
69173924,72603436,121355600,2
13132751,ePay.info_CoinJoinMess,70187857,2
405610,BTCC.com,195771140,1
34379,563,23921902,1
72393183,942,948983,2
483243,Xapo.com,14256511555,4
57,7586130,17995635,2
405610,331,1761940260,9
ePay.info_CoinJoinMess,58335538,86858306400,1
74120870,70979539,256027968,1
71554939,Cex.io,72322953,1
Exchanging.ir,Cubits.com,683395873,2
72943763,3368,46450900,1
Bitstamp.net,72024773,3568256235,1
FoxBit.com.br,70744193,8082,1
SatoshiDice.com,39870242,17041857,12
1022532,22287,271990000,1
FaucetBOX.com,71633611,22036889,1
1654888,LocalBitcoins.com,113123050,1
Poloniex.com,2696,2505875334,1
354,175,430944746,1
107,HitBtc.com,2837238,2
73649844,7,8321084,2
FaucetBOX.com,73832773,11778943,1
70534041,CoinTrader.net_LocalBitcoins.com,156191187,1
61,BTC-e.com,5304449905,36
30745899,331,361880,1
348,1598,3843412,1
2512197,1747,153562052,2
2465,24951,99227663,2
73988693,7,20590000,1
FortuneJack.com,Cubits.com,401008076,1
52214,11002526,713938542,1
72103703,71942715,32960771,1
35,129,23465234,2
FaucetBOX.com,57648541,19912383,1
3370,Paxful.com,142070000,1
72655180,51503,233890000,1
5162,Huobi.com,918040203,1
107,Kraken.com,43158465752,2
72392855,Cubits.com,9543538,1
69906500,Xapo.com,3064608,1
0,855,12000,1
Xapo.com,Bter.com,9446247223,3
269,Bittrex.com,62983857,1
72733751,Bit-x.com,12210195,1
1386,Bittrex.com,2000000,1
1228047,563,147687581,1
ePay.info_CoinJoinMess,194937,86858306400,1
70586820,73728575,43000074,1
Xapo.com,5342,2524846448,1
35,Bittrex.com,182449430,5
72049349,73963652,10966728,1
ePay.info_CoinJoinMess,BTCC.com,9467555397600,109
BX.in.th,LocalBitcoins.com,1655106000,3
71632624,0,3490000,1
FaucetBOX.com,3423,33477584,4
FaucetBOX.com,5941,33326404,1
5201773,71816597,33724820,1
Xapo.com,62046790,2508402694,1
YoBit.net,1004,1111581,1
70612004,0,887752793,4
629,152,1633375,1
70193751,69278210,15772039,1
Xapo.com,MoonBit.co.in,5294487301,2
1528188,LuckyB.it,4910760,2
1654888,Hashnest.com,750122465,2
189,Poloniex.com,74790574,3
Poloniex.com,3348,7208264162,1
60475971,1747,38990000,1
72419823,401,30021529,1
9442173,FaucetBOX.com,255886,1
73519150,52841921,17081727,2
69667870,5432877,37158244,1
454,21160,36252016177,1
70063369,891,417118471,2
70744026,0,57198759,3
69406832,513,3490000,1
72655180,52376,102058002,1
2329,Xapo.com,279517922,5
50423,11002526,204980000,1
351,Exmo.com,3732084,1
71816350,16621,1760229817,1
YoBit.net,ePay.info_CoinJoinMess,3183288,2
74200177,290,132256511,1
Paxful.com,69697042,204477939,1
Bleutrade.com,Poloniex.com,208398224,2
30818,4,96960837,1
72628573,72209627,23062413,1
11432272,0,1061016400,10
ePay.info_CoinJoinMess,2403,176251417,1
5542047,72891482,1999990000,1
368,1096237,193000000,1
69304029,860,218949764,2
71816350,497,3445443469,2
Xapo.com,Bleutrade.com,27356176915,10
52123,50998,200140000,1
164,CoinTrader.net_LocalBitcoins.com,1510386222,1
735,129,2243826,2
3368,CoinKite.com,52118602,3
73124200,2647,223176040,1
1116,Bittrex.com,231927001,3
71816350,289,25327590155,16
70029,53150,300270000,3
22399362,684308,1633449862,2
3368,497,55478439,2
65198,849,284635107,2
1654888,24427450,124637444,1
9779883,1747,49990000,1
25384527,860,4347728,1
70926246,7,5963462,2
954,60,299950000,1
8388,Kraken.com,6999941833,1
1151,290,10262895997,2
CoinPayments.net,871,6594257,1
HaoBTC.com,BTCC.com,788862279,19
60722,1747,85969030,3
73675789,NucleusMarket,86347100,2
61843996,51,876147600,7
ePay.info_CoinJoinMess,999Dice.com,2649231965,28
73388743,CoinKite.com,7509819,1
HolyTransaction.com,1598,1300008,1
ePay.info_CoinJoinMess,Betcoin.tm,10094629,1
7135996,0,16065219,1
69592055,ePay.info_CoinJoinMess,16000,1
MeXBT.com,368,6373008,1
70534041,73466239,40942877,1
295687,4395,71563822,1
298,OkLink.com,499991833,1
472,290,426573692,1
999Dice.com,152,21950,1
0,28578,10694701,2
6048,Xapo.com,400000000,1
405610,29111555,195771140,1
51,2506,5556295,1
9095925,LocalBitcoins.com,350580978,1
405610,48668419,195771140,1
855,1294,1215997,1
405610,3077,195771140,1
8475,70455427,14043,1
72154492,72209627,37840244,2
69147702,71110387,108812839,1
7971692,0,189500802,2
ePay.info_CoinJoinMess,129,273309162,2
FaucetBOX.com,71528822,18566589,1
10727819,Xapo.com,11802023,1
67545835,Xapo.com,7142653,2
57,CoinTrader.net_LocalBitcoins.com,9808202,2
2378072,73153273,279130055,1
70246083,Cryptopay.me,2710000,1
20545806,BTC-e.com,12121020,1
60,0,2599969496,3
HaoBTC.com,290,1227706609,29
14877688,1309,3160000,1
641,386,21000314,1
70455338,883,469213,1
70089040,52082,1010090000,1
42359770,9779883,109953078,2
60,417,1999983095,1
SecondsTrade.com,Cryptonator.com,2680030,1
71816350,170,12070890313,7
72103703,71084962,9178246,1
1203370,70612552,9279337,1
20052979,1747,5105453,1
189,Bittrex.com,11661273,1
ePay.info_CoinJoinMess,VirWoX.com,28022015,1
1218,69775662,28231206,2
999Dice.com,72367944,58596,1
ePay.info_CoinJoinMess,BitBargain.co.uk,5009910000,1
809,74225362,2145957189,1
5542047,0,6365138176,5
1732014,641,130000,1
72943763,57,146624200,4
74068518,71032462,5553307,1
3368,57,64873277,3
3368,Luno.com,110956878,4
70534024,72655180,404130000,1
Xapo.com,497,41473888546,15
70770116,LocalBitcoins.com,89107610,1
BitcoinWeBank.com,73858387,13619103,2
74252166,BTCCPool,17494893156,2
1228047,348,425070990,1
73074702,72362899,7071095,1
2336359,883,12084531,1
71529017,BitcoinWallet.com,912147,1
SatoshiMines.com,CloudBet.com,21000474,1
60504181,NucleusMarket,2499940000,1
0,1386,1934824,6
906,1732014,499991205,1
ePay.info_CoinJoinMess,11731507,54628024,1
107,70455793,34053400,1
73728436,1144,9496769,1
71580560,75,2558114416,2
50649943,ePay.info_CoinJoinMess,699870000,1
69984672,69409447,30848117,2
BX.in.th,290,36766206765,61
BX.in.th,BitoEX.com,199974000,1
70063369,368,53362939,2
4938877,10789,4990000,1
72209815,4,6231606,1
51781,52526,1199990000,1
472,OkLink.com,20053149,1
FortuneJack.com,15553180,5000075,1
1316,ePay.info_CoinJoinMess,955937793,2
354,35,299826681,1
VirWoX.com,Poloniex.com,25800770,1
6252,348,6860000,1
1829155,32342926,322617266,1
72865421,69932383,19718562,1
70192364,573664,20736200,2
70508299,1218,1659944,1
71554939,292,74908263,1
0,Vircurex.com,182200,1
51375,69591713,9990000,1
71816350,70010818,1944969453,1
70297320,72891686,309456558,1
72839276,71788261,40399811,1
69591377,578,3682462,1
47571809,0,1427414,2
Bitstamp.net,11621,2819614670,1
60,24007,999990777,1
Hashnest.com,8241,5510358,1
700,386,1121300,1
269,Bitcurex.com,8608003,1
688158,Bitstamp.net,149990000,1
7586130,73310715,167994490,1
Rollin.io,398,2600047,1
Poloniex.com,4810,3072516872,1
Cryptonator.com,999Dice.com,10178485,7
50811,50223,1140151105,1
BitVC.com,2647,30957800,1
809,BTCCPool,165532427453,80
52620525,67933107,128822032,1
56125939,18203512,5770161,1
5078214,5308530,17783900,1
ePay.info_CoinJoinMess,BTCCPool,15644881412605,179
FaucetBOX.com,1443066,33326404,1
73911137,ePay.info_CoinJoinMess,1042992,1
70953395,1769,5501077,1
BitcoinWallet.com,PocketDice.io,69786000,1
999Dice.com,1294,128373,1
Bitstamp.net,69367899,868709643,2
72839276,74068404,23264662,1
71658765,SatoshiMines.com,142899540,2
Paxful.com,11494,411968702,1
CoinPayments.net,107,50143472,1
ePay.info_CoinJoinMess,351,10000,1
472,2643,496502827,1
FaucetBOX.com,2329,11778943,1
52108,51712,499990000,1
833,13637,2990000,1
52526,1247276,1690000,1
FaucetBOX.com,523,26094371,2
1054,0,20549126,2
70193751,71607113,35667079,1
3598099,16971,102529203,1
31317493,Luno.com,359874915,1
71136335,368,20635483,3
73388743,71869241,223180167,2
0,1144,36897070,5
566,Xapo.com,127030553,1
44387656,CoinTrader.net_LocalBitcoins.com,172133041,1
60,HitBtc.com,999990776,1
ePay.info_CoinJoinMess,22974624,86858306400,1
Poloniex.com,3578,4779349862,2
54597475,898,1247467236,2
735,170,1073373,1
3693472,1585,487554393,2
15523721,CoinTrader.net_LocalBitcoins.com,6787580141,3
74042240,21774,2406638,1
28578,71790505,437575531,4
Xapo.com,73437787,2651700046,1
CoinGaming.io,ePay.info_CoinJoinMess,401000565,1
10139708,Poloniex.com,7748971,3
22286811,Cubits.com,10102216,1
FaucetBOX.com,269,18566589,1
954,472,399950000,1
1370,2696,3521302,1
NitrogenSports.eu,4,3422111,2
3368,Bittrex.com,202439407,10
70822403,421,286790472,1
NitrogenSports.eu,0,12173161,2
1022532,200,143502500,1
ePay.info_CoinJoinMess,51,201561497,4
46955,2230,9089331,1
Bleutrade.com,Bter.com,56219000,2
131,ePay.info_CoinJoinMess,7881082000,2
74172133,290,12589910616,4
Poloniex.com,175,15627947340,2
968,CoinApult.com,85812008,1
5162,HaoBTC.com,3475071566,4
74042229,70796483,17400780,1
Loanbase.com,LocalBitcoins.com,1666670700,1
Xapo.com,PocketDice.io,55019986990,21
7277,11031,410152,1
BitAces.me,ePay.info_CoinJoinMess,1470000,1
73336533,2803,2793172643,1
ePay.info_CoinJoinMess,CoinPayments.net,235536778,3
HolyTransaction.com,1294,1900003,1
Poloniex.com,55544,767199363,1
69173924,73623403,266277000,12
1022532,233,1145849654,21
5162,1226,918040203,1
150953,Xapo.com,1945108284,1
69565223,386,10719286,1
5542047,73284596,1687452260,1
HolyTransaction.com,1386,33527604,2
906,CoinPayments.net,499991204,1
5959635,855,181295,1
Bitstamp.net,70193751,5879815788,5
45048181,Cex.io,115887936,1
233,ePay.info_CoinJoinMess,3413889,1
745,189,202606829,1
73963652,72472364,76285362,1
73778959,BTC-e.com,210840000,1
72760319,CoinKite.com,5697296,1
Bitstamp.net,Huobi.com,434770110,1
483243,CoinGaming.io,15008309897,5
PocketDice.io,421,4425702,3
Poloniex.com,SimpleCoin.cz,19190932,1
33953109,71894967,4665908,1
FaucetBOX.com,195512,177489942,2
641,4,1258928,1
107,3348,70799301946,6
2461,70953245,411249811,6
Poloniex.com,7277,28212210,25
ePay.info_CoinJoinMess,269,217230175,1
69382155,777,405237,3
7430,Kraken.com,5395150087,1
472,Poloniex.com,74911181869,37
ePay.info_CoinJoinMess,149308,75930000,1
70796633,419,274640,17
809,563,12991285808,6
1654888,HolyTransaction.com,872594818,2
PocketDice.io,Cryptonator.com,11511799,7
51375,50938,101390000,1
70298355,69589804,15753097,1
73466970,0,16700529,1
25695512,16768780,216108514,1
60,7655,999990777,1
70063369,4544,113587774,1
354,19626,2694656031,2
70037420,152,131813843,2
Xapo.com,Huobi.com,233501707566,58
67985,70953422,49990000,1
6252,289,6860000,1
CoinPayments.net,1316,50143472,1
70482196,71842562,494432343,1
FortuneJack.com,1294,4125286,1
FaucetBOX.com,57,174039956,4
101,73493278,132095738,3
50685,52176,5970000,1
72943862,70377588,64934046,2
129,72576990,3493194,1
107,1598,37760517302,1
469,YoBit.net,223177890,2
YoBit.net,35,7096922,1
51406,72707471,9990000,1
Cryptonator.com,Xapo.com,2082537,2
74042229,70741200,93276811,1
269,Cex.io,5668920,2
73963652,71005795,27723434,1
4908,1309,143524929,1
71790178,18831,1128567,1
3368,Cex.io,98202203,4
27914256,0,743092497,1
18419,7,18727994,1
74252166,BTCC.com,8747446578,1
0,SatoshiDice.com,6854455,2
Poloniex.com,OKCoin.com,50098946000,19
70847528,71633826,8040693,1
CoinKite.com,2506,23921000,1
FortuneJack.com,3179,8701276,1
52184976,MoonBit.co.in,7852592,1
SlushPool.com,21646128,2580317417,1
71476712,CoinKite.com,274122,1
Huobi.com,605,29599253,2
999Dice.com,FortuneJack.com,41682056,5
640281,821,76078527,2
354,1469,553593103,1
CoinGaming.io,CoinTrader.net_LocalBitcoins.com,301001392,1
29478,CoinKite.com,1000000,1
72446427,7,57170799,2
72050142,49,4864090,1
70821712,7,8570337,3
1215,605,2519990000,1
1142077,Paxful.com,115161003,2
405610,HolyTransaction.com,4111193940,21
809,Cryptopay.me,6907840570,3
605,Bittrex.com,1594505378,2
71816350,FortuneJack.com,4808406429,3
52184976,Xapo.com,6356688,3
ePay.info_CoinJoinMess,424,63069498039221,724
41082,22844,600440000,1
454,330903,4546000473,1
129,35,7897117,1
71761939,Xapo.com,1827534,1
69330819,40948331,6486160146,2
72943763,BitcoinWallet.com,92901800,2
73675823,Huobi.com,89687174,2
351,298,8000000,1
Xapo.com,7,5233202331,2
5432877,BTC-e.com,326990000,1
Exchanging.ir,Hashnest.com,392831612,1
71816350,17280279,1571984144,1
71790505,NitrogenSports.eu,912970000,1
906,4569075,499991205,1
5325883,71266954,122299156,1
70665166,CoinKite.com,1609934,1
23421989,LuckyB.it,172040344,6
0,BTCCPool,295549007,16
398,CoinTrader.net_LocalBitcoins.com,108030608,1
396,BX.in.th,387024615,1
70743378,2914,4000000,1
16611459,SatoshiMines.com,15305045,1
454,26774,11778974114,1
74330515,Poloniex.com,1588585800,1
CoinKite.com,4,372402007,8
71186063,49,3558240,1
405610,244631,195771140,1
396,2329,228068309,1
38565686,BTC-e.com,515027929,2
1228047,421,839052786,4
405610,468,2740795960,14
0,72759751,2641769,1
74144516,71423904,7932078,1
Xapo.com,BX.in.th,7875203325,3
FortuneJack.com,999Dice.com,4993980,2
3649592,BTC-e.com,19990000,1
34293,1769,58070071,1
71947463,6274,15427000,2
71449882,70638958,5801852,1
1097097,61,484263226,1
486014,SatoshiDice.com,2383040000,7
354,Genesis-Mining.com,756405124,1
69330212,73440179,48892127,1
BitVC.com,Xapo.com,30160463,1
Hashnest.com,421,7820639,3
1769,Hashnest.com,26015000,1
354,OkLink.com,6042559039,4
131,Poloniex.com,3868776023,13
71450805,CoinTrader.net_LocalBitcoins.com,1064967597,1
NucleusMarket,Bitcurex.com,12048184,1
Xapo.com,BTC-e.com,87664650123,31
70770527,LocalBitcoins.com,1454285474,4
71918230,CoinKite.com,13209961,1
69827719,70796483,229477131,1
348,BTC-e.com,30975630868,12
1228047,354,124906891,1
735,YoBit.net,1011597,1
FaucetBOX.com,Cryptonator.com,3309648983,192
Kano.is,Bitcoin.de,60084071112,24
Kano.is,1598,30042035556,12
1116,LocalBitcoins.com,10781188,1
71816350,Rollin.io,1206762955,1
70714072,860,439146570,1
73571341,69199391,198580000,1
Vaultoro.com,Poloniex.com,5867578,1
Huobi.com,401,84742017,1
51631,169991,1970050000,1
CoinKite.com,NucleusMarket,168050000,2
0,74251985,11465403,1
72183506,61,56542619,1
73047698,72472364,151732332,2
629,4,4823321,1
73466000,BTC-e.com,3102427,1
73205118,49,52825470,1
566,421,15994959,1
70010813,69511305,11976504,1
67456,0,1388000,2
1654888,71293795,128069141,1
0,25598919,3000000,1
50926,50606,326747000,1
Bitcoin.de,LocalBitcoins.com,3676659952,2
Hashnest.com,FaucetBOX.com,1120006,1
71816350,1144,7724694760,4
Cryptonator.com,1294,4253076,3
NitrogenSports.eu,FaucetBOX.com,1125938,1
69453752,70192841,23117460,1
73336533,0,26112427079,18
365071,BtcTrade.com,29999786607,1
365071,BitVC.com,29999786607,1
Coinomat.com,LocalBitcoins.com,102745886,1
906,Bitstamp.net,999985522,1
FaucetBOX.com,CoinTrader.net_LocalBitcoins.com,258437392,11
74094945,1495423,18226092,1
FaucetBOX.com,HolyTransaction.com,1833900313,68
3007269,2506,17525722,1
72760322,5155233,177960192,1
129,31707,99991190,1
BX.in.th,70639132,1078715292,1
60,LocalBitcoins.com,13798690060,12
1022532,Poloniex.com,36692575,1
6573,38539,4709734669,7
FaucetBOX.com,73545461,33326404,1
72839276,73832921,55037721,1
SatoshiMines.com,70192781,2005316,1
494429,739337,31670000,1
72681637,170,2409927,1
71189185,0,1969500,1
72262922,70927614,115084422,1
70403439,999Dice.com,140420000,12
72996086,0,27898842,1
71685732,71423904,36149552,1
CoinPayments.net,700,78392929,1
CoinPayments.net,Luno.com,1015266768,9
Paxful.com,566,614548774,2
72575778,ePay.info_CoinJoinMess,1638301,1
71005934,Huobi.com,50003431511,1
6252,Cex.io,30382691,2
396,CoinTrader.net_LocalBitcoins.com,433172589,1
71764674,49,138959206,3
483243,MaiCoin.com,1044396912,2
5162,BTCC.com,918040203,1
0,11648379,1441800,1
ePay.info_CoinJoinMess,29111555,54628024,1
BX.in.th,2184,496663765,3
107,Huobi.com,25921969,1
Huobi.com,53138,524420974,1
0,3957,360000,1
ePay.info_CoinJoinMess,189,54628024,1
ePay.info_CoinJoinMess,2225103,228839570,1
Xapo.com,7351,5208868944,2
821,CloudBet.com,100900002,1
NucleusMarket,3765,1270000,1
65565584,354,8817569,1
1017,BTC-e.com,32053905,2
Exchanging.ir,73258083,6484130,1
6252,1144,11458764,2
7277,Poloniex.com,250210,1
298,2184,471423150,1
70037468,BTCCPool,26137974,2
51562,Luno.com,39890000,1
Xapo.com,170,283849216316,65
MoonBit.co.in,33746,155405673,1
906,Xapo.com,499791282,1
NitrogenSports.eu,6983674,182001816,2
73487548,BTC-e.com,72620000,1
42601,Bitcoin.de,1789211652,1
70063369,101,127801730,1
73778887,883,6185078,1
73674992,368,5186064,1
72262811,74226354,120074137,1
CoinGaming.io,YoBit.net,1742558,1
70089040,62030,849614973,1
0,Kraken.com,944041583,5
73623532,4758,824882,2
269,Paymium.com,2994573,1
70534041,LocalBitcoins.com,405794857,1
Kano.is,13137,15021017778,6
26259724,72048787,233285076,1
0,FaucetBOX.com,57756283,87
BitVC.com,71005934,116185544324,5
NucleusMarket,FortuneJack.com,3846380,1
71816350,17074580,1370242800,1
72472364,72314904,11795535,1
FaucetBOX.com,6771952,16520915,1
1654888,Bitstamp.net,466943847,1
FaucetBOX.com,YoBit.net,732118147,26
126,7,242110521,3
FaucetBOX.com,73466970,129268472,1
70875110,4,766400377,6
419,Poloniex.com,490000,1
107,3820,43059348,1
483243,70035340,166181885,1
LakeBTC.com,Bitstamp.net,11020415,1
FaucetBOX.com,5137,34601744,2
Xapo.com,883,20777152113,7
WatchMyBit.com,0,12637968,4
Bitstamp.net,BitcoinFog,4949470096,1
74042229,70927503,140488943,2
0,BitZino.com,2485255,1
ePay.info_CoinJoinMess,315,273309162,2
429033,ePay.info_CoinJoinMess,134808086,1
777,56948,5354226,1
73409706,ePay.info_CoinJoinMess,113889957,1
Poloniex.com,70927626,2505875334,1
71685750,0,13382790,2
70482196,53711270,1900677960,3
BTCJam.com,10139708,3093776,1
71554987,37200188,473244266,1
69697250,69984509,17854867805,1
348,MercadoBitcoin.com.br,7173538,1
Xapo.com,1315444,2531623708,1
50205482,70612417,7294541709,5
70795265,72707708,52407565,1
573664,BTCC.com,46563399,1
1654888,ePay.info_CoinJoinMess,301838695,1
52235,421,699990000,1
NucleusMarket,DoctorDMarket,1277689,1
70062633,LocalBitcoins.com,310900743,1
5542047,Cryptopay.me,4266637,1
69408028,573664,104108316,1
17651984,290,33080607,1
36557,454,7403405,1
72262586,421,43893254,1
Huobi.com,Bleutrade.com,84613240,1
9206469,70691540,147190000,1
73293828,7,51198380,1
71816350,73414099,1696252689,1
72576990,578,5539254,3
ePay.info_CoinJoinMess,BitAces.me,10980000,1
70612422,36965,17553951,1
73545273,NucleusMarket,58265830,2
69278079,69722595,118251013,1
33476,BTC-e.com,400000000,1
1335,315,199980000,1
Xapo.com,2024,8171088769,3
Bitstamp.net,71345267,46257474,1
365071,ChBtc.com,29999786607,1
72943763,HolyTransaction.com,312838100,8
71527073,368,16802281,2
396,170,890646350,2
6252,0,83682910,8
33074938,Crypto-Games.net,100000,1
6335,HappyCoins.com,3570182161,11
Paxful.com,CoinTrader.net_LocalBitcoins.com,115940378,1
Poloniex.com,354,2445069706,2
69880033,18459488,70332326,1
105520,72944015,1083124812,1
BitcoinWeBank.com,0,35610666,2
0,1226,11988700,1
1477737,Bitcoin.de,62012940,1
ePay.info_CoinJoinMess,942,176251417,1
73414008,401,11164174,1
72471449,7,1565180260,3
Cryptonator.com,Cryptopay.me,1901769,1
FaucetBOX.com,129,209798026,6
Hashnest.com,0,277317146,11
71842691,10196,1185169,1
298,BTCCPool,2441436285,5
70060694,Cryptopay.me,42255384,4
Poloniex.com,BTCC.com,17565434197,6
71554939,170,1571577434,22
FortuneJack.com,Xapo.com,269815862,10
PocketDice.io,CoinKite.com,1370000,1
417,2643,21758000,1
Poloniex.com,BTCJam.com,546060550,1
2512197,HaoBTC.com,94206303,1
289,Cryptonator.com,32772430,1
72760322,72104676,180033376,1
0,2778,3008590,1
Paxful.com,1138,128470028,4
Poloniex.com,CoinTrader.net_LocalBitcoins.com,21900773639,11
821,122,401848937,2
FaucetBOX.com,72550932,11778943,1
71999700,73832987,31990000,1
405610,233,391542280,2
70534041,74199661,391311494,1
809,2643,3803800614,4
4908,Bleutrade.com,143524929,1
71162980,Betcoin.tm,350000,1
Bitstamp.net,71999700,361611014,1
64475407,LocalBitcoins.com,136049915,1
999Dice.com,556957,10194855,1
CoinJar.com,Bittrex.com,769365010,1
Poloniex.com,Coinmate.io,260254141,1
ePay.info_CoinJoinMess,Cex.io,2867494833116,44
71215008,200,27932083,3
1506795,Bitstamp.net,22132379,1
ePay.info_CoinJoinMess,16621,258163975,2
9952536,ePay.info_CoinJoinMess,12290318,2
2696,129,4214605,1
100277,0,4374810,1
Hashnest.com,999Dice.com,19994959,1
71110749,Xapo.com,128422,1
51120,52561,105177603,1
71554939,FortuneJack.com,76838789,2
0,73907604,274552770,1
HaoBTC.com,424,67152817,1
73754254,LocalBitcoins.com,638732572,1
69356979,71267291,7205489,1
269,315,41870000,1
FaucetBOX.com,233,8389700,1
FaucetBOX.com,66254,176441141,5
Poloniex.com,1469,9739985492,2
69984672,71737584,33892940,1
809,Xapo.com,145847883737,51
12552138,71240168,160391522,1
ePay.info_CoinJoinMess,SafeDice.com,12490000,1
70063369,Huobi.com,1198356198,5
69670994,67933107,87273845,1
73413077,1309,439251,1
Poloniex.com,139,832304463,1
1654888,Cryptopay.me,743051130,2
70872195,Purse.io,111809800,1
269,55782,40414061,1
51857,70089229,34230000,1
69722612,96,103595916,1
60,Gatecoin.com,21999827824,2
72760149,7,7306876,1
71869209,Huobi.com,23953565,2
69487265,883,2175768,1
FaucetBOX.com,71921521,129268472,1
71345482,SatoshiMines.com,7271093,1
1477737,2828950,26340000,1
2141,Huobi.com,7344091896,12
942,72393183,2600000,1
Bitcoin.de,60,13424132259,12
ePay.info_CoinJoinMess,502796,1609666,1
PocketDice.io,Hashnest.com,1317570,1
107,Paxful.com,11437048899,1
Cryptonit.net,70875254,4743105,1
Xapo.com,762014,2534993118,1
13864293,Xapo.com,2155525111,2
70089217,73963652,263047705,2
72836291,2624,5119570,1
71188601,331,1232305436,5
999Dice.com,23627,6106321,1
2384,BitcoinFog,14281429,1
FaucetBOX.com,69383112,129268472,1
72972543,2230,757340412,4
60,73545490,886637296,1
72996114,331,53990000,1
3578,69538567,15554428939,2
ePay.info_CoinJoinMess,227,87467670819,5
BX.in.th,421,125035858,2
69827719,72103913,298300126,1
52620525,72759535,152913381,1
0,71240479,7336447,1
74304487,4758,17350243,2
57,Poloniex.com,711267232,7
Luno.com,69173161,3624594421,1
5941,BTC-e.com,292216148,2
3368,3578,13121309,1
70037420,421,2758532079,4
Poloniex.com,Hashnest.com,8561359072,3
72550775,61,150390000,2
73284596,73153028,128524448,1
5026,BTC-e.com,357865612,2
50810,52528,435903017,1
73963518,Cubits.com,6042349,1
3368,ePay.info_CoinJoinMess,218920553,10
70822757,71398009,113636291,1
BX.in.th,7971692,4019502409,3
72943763,342,46450900,1
0,629,2486826,6
Poloniex.com,65,831901066,1
52841921,73832987,72154707,5
61326504,NitrogenSports.eu,79970000,2
72943763,Bitcoin.de,26861200,1
Bitstamp.net,7675245,2362912152,1
4908,4126,21396689,3
72970182,16621,10094297,1
13286399,Xapo.com,1483862,1
50686,52526,299990000,1
71528906,896,509244597,2
605,Poloniex.com,4452530265,6
12896,354,111384427,6
Poloniex.com,995,230241981,1
1151,497,781371,1
HolyTransaction.com,497,3281737,1
71293795,175,20110853,1
MoonBit.co.in,Poloniex.com,41645425,1
BitAces.me,2904491,4447795,2
10833433,1747,18079350,2
Bitstamp.net,398,11999989129,1
298,BTCC.com,171102821,1
233,1294,1692740,1
31707,0,370402356,4
1762296,523,704117400,1
BX.in.th,Poloniex.com,7361026914,7
BTCJam.com,Poloniex.com,422430634,7
70141234,ePay.info_CoinJoinMess,5683292,3
4908,0,1773160163,11
289,CoinSpot.com.au,19442616,1
25815654,CoinKite.com,13839649,2
73597744,368,10833433,1
0,Betcoin.tm,446360272,2
57,1443830,293915990,3
60,5137,999990776,1
69696572,BTC-e.com,44819996,1
5162,290,918040203,1
Xapo.com,1582,51518763760,5
71816350,CoinTrader.net_LocalBitcoins.com,1290008264,1
72103703,73309178,50439238,1
72025327,BTC-e.com,80912102,1
BitBargain.co.uk,5145429,239950000,1
NucleusMarket,CoinTrader.net_LocalBitcoins.com,132925247,6
2306049,0,9041380,1
69798990,7,50240000,17
73963518,CoinGaming.io,150359396,6
ePay.info_CoinJoinMess,4395,1486958801621,15
2230,CoinSpot.com.au,310941538,1
60,8387,4885397656,4
74329802,Xapo.com,52558907,1
40753262,0,51042747,1
Poloniex.com,809,3992335238,2
0,12431,5280441,1
Xapo.com,999Dice.com,149112571499,28
853912,1747,710520000,3
CoinPayments.net,8063818,1201906081,1
Hashnest.com,170,1581028,1
BitcoinWeBank.com,5941,37810930,1
468,331,13115344,1
454,56138,116352274631,2
71816350,1539,14494037204,8
0,LocalBitcoins.com,1443709455,34
NitrogenSports.eu,2799,34211825,2
69199627,CoinTrader.net_LocalBitcoins.com,131354813,1
5481367,BTC-e.com,24254582,1
41853224,Paxful.com,65022532,3
FaucetBOX.com,MercadoBitcoin.com.br,751186426,42
5026149,SatoshiMines.com,14136443,2
YoBit.net,354,67660788,4
5542047,Huobi.com,5103755268,3
4338203,72025510,139465410,1
FortuneJack.com,170,7701763,2
70034224,7,23301861,5
Poloniex.com,1116,4398807202,2
71554939,Cryptopay.me,75445238,1
2812638,73256837,13990000,1
70927626,61,91318000,1
0,1833,313491,2
Bitstamp.net,70560046,755330581,1
71842975,72838825,38367377,1
71816350,5941,3961823905,2
SatoshiMines.com,2428,15000002,2
72865511,368,32924275,1
61843996,61,16851756500,112
73623734,1747,6618733,1
129,417,953048437,2
864,BTC-e.com,141630612,1
18135600,BTC-e.com,122432049,1
CoinKite.com,354,100053551,11
276290,777Coin.com,1600000,1
71082706,96,6067870,1
22399362,Xapo.com,10977600,1
954,424,4210089018,4
61,1582,85864430,3
69199972,BTC-e.com,192290000,1
2230,Poloniex.com,1370024198,2
1654888,BTC-e.com,2064022085,5
Bter.com,0,59980000,1
BX.in.th,ePay.info_CoinJoinMess,5748543822,3
864,CoinTrader.net_LocalBitcoins.com,813972000,1
Cex.io,906,19400450075884,265
ePay.info_CoinJoinMess,70979366,199980000,1
8704,Purse.io,389402217,1
8755,CoinGaming.io,525590134,1
72629355,7,500773,1
1215,BtcTrade.com,204600415428,21
Exchanging.ir,12576,85407971,3
Bleutrade.com,4126,6541678,1
ePay.info_CoinJoinMess,1323,28641568,1
47146,454,16286516884,3
FaucetBOX.com,1941,26406083,2
ePay.info_CoinJoinMess,SwCPoker.eu,20970128,1
NucleusMarket,HolyTransaction.com,1562212,1
73807082,72759535,95514628,1
CoinPayments.net,19431,78392929,1
3368,1598,13121309,1
Huobi.com,1566,16758286,1
ePay.info_CoinJoinMess,Huobi.com,67771702954521,779
CoinPayments.net,Poloniex.com,78392929,1
PocketDice.io,Luno.com,12717519,6
6252,233,4598764,1
57,640281,9690273,1
69827719,70011017,62179300,1
73466994,170,281106,1
4267699,71633826,165678982,1
1477737,Luno.com,139043400,3
FaucetBOX.com,71292774,129268472,1
6252,ePay.info_CoinJoinMess,28121455,2
72759535,52841921,13083855,1
SlushPool.com,GoCelery.com,4921778430,1
60,Cryptopay.me,199989839,1
70193751,73884099,47843408,1
70063403,Bitstamp.net,2776950000,1
Poloniex.com,6931,26035909115,3
2230,LocalBitcoins.com,131445882,2
ePay.info_CoinJoinMess,17227739,228839570,1
1477737,421,32680000,1
69278199,BTC-e.com,263266102,2
72446427,LocalBitcoins.com,15807801,1
57,NitrogenSports.eu,51259174,4
289,1309,50840512,1
71685895,70638958,5973275,1
60,129,1208875361,2
Poloniex.com,Luno.com,16501052002,5
73310094,Poloniex.com,1000070900,1
806134,PocketDice.io,26498591,5
71864890,LocalBitcoins.com,1349765692,1
50810,Xapo.com,999990000,1
Poloniex.com,189,5254738391,2
69338,Poloniex.com,961641201,2
0,2238,33000,2
FYBSG.com,Poloniex.com,5999994956,1
71554939,Poloniex.com,381886270,5
566,SwCPoker.eu,3394956,1
276194,ePay.info_CoinJoinMess,49811636,2
Hashnest.com,LocalBitcoins.com,7990095,1
71214980,BTC-e.com,24869063,1
50175,51257,102376995,1
70428404,73544517,2099990000,1
6252,Bitcoin.de,4598764,1
0,3368,1601586,8
0,Matbea.com,37250,1
ePay.info_CoinJoinMess,72367415,86858306400,1
74042190,Xapo.com,3678667,1
906,0,499991205,1
69200072,70455779,61082778,1
1654888,CoinTrader.net_LocalBitcoins.com,331818761,1
0,SatoshiMines.com,50114948,68
Bitstamp.net,7,1236171685,3
189,4,6167044,2
Hashnest.com,Cex.io,2530604,1
396,70482207,267474850,1
118992,883,6631542242,1
37,YoBit.net,5142822,1
1654888,Xapo.com,8591133632,29
35046709,0,13372243,1
72576990,513,1282254,2
Huobi.com,Purse.io,18896796,1
4908,Poloniex.com,145444557,2
Bitbond.com,57,60887970,1
456,NucleusMarket,251255373,10
71972657,1103,16451366,1
52108,51262,210337179,1
Genesis-Mining.com,0,9119188680,35
12392493,1054,49624465,1
700,BTC-e.com,3408230,1
73884544,ePay.info_CoinJoinMess,85606,1
295653,NitrogenSports.eu,925687,1
74252166,563,8747446578,1
Xapo.com,71553612,2644488750,1
69984672,71110909,13373315,1
118992,667745,6631542242,1
70063161,368,9138365,1
6252,Cryptonator.com,28121455,2
131,122,14458026261,9
72419729,195,115961156,2
Huobi.com,CoinHako.com,1412069532,1
1228047,2457856,396767973,1
405610,71292774,195771140,1
MoonBit.co.in,55039679,307484358,1
149456,454,2143339,1
906,Cubits.com,573003685,2
351,57,2384648,1
70193751,71607475,19193208,1
566,3328,3177710,1
71343970,71816597,163990000,1
ePay.info_CoinJoinMess,BitBay.net,86995934999,2
73441091,6484665,3323580000,1
69697250,CoinTrader.net_LocalBitcoins.com,76101439025,5
72943763,152,73312100,2
ePay.info_CoinJoinMess,883,133086187459,15
72182099,126,47850000,4
60997896,69932102,20403630,1
Cryptonator.com,2403,1509714,1
70586820,0,275879494,1
72288422,7,11090000,2
50899,53130,437592885,1
59589,424,4980290300,2
70298377,69147778,13861399,1
896,96584,15921638270,3
469,0,52483268,4
74068270,Poloniex.com,7460000,1
50810,51727,279507600,1
71607475,49,16070220,2
0,MoonBit.co.in,1010000,3
354,833,1705245167,3
33746,FaucetBOX.com,29901700,1
0,942,5044889,7
21368174,SatoshiMines.com,25851855,2
70427437,BTC-e.com,403208946,1
PocketDice.io,513,1795321,1
118992,1502006,13010398866,3
4264230,108291,1667238,1
3368,CoinPayments.net,13121309,1
71136345,71397190,15413627,1
12552138,CoinKite.com,144874040,1
Huobi.com,200,17391526,1
72943763,CoinKite.com,46450900,1
1833512,Bitstamp.net,42917220,1
7586130,0,1300232,1
Poloniex.com,2506,4476706621,3
0,999Dice.com,48973257,62
72655381,CloudBet.com,38410000,1
396,BtcTrade.com,5977473909,8
70534041,69303830,412568305,1
2384,LocalBitcoins.com,135646481,2
ePay.info_CoinJoinMess,1103,126503188,1
Kano.is,979585,15021017778,6
629,Cryptonator.com,7955020,1
56789582,227,6555390,1
72262922,70036708,64415075,1
437,Bter.com,11000008,1
72943763,HaoBTC.com,46450900,1
1391825,NitrogenSports.eu,117076108,2
74304372,0,2484626,1
22698867,CoinPayments.net,2623238,1
BTCJam.com,Xapo.com,9181556,2
227,189,3240942,1
1316,Poloniex.com,280761627,1
BX.in.th,2647,1057121984,4
1769,124473,36005896,1
50810,51420,975080000,1
HaoBTC.com,2643,310383001,3
Hashnest.com,2981,61019826,1
0,3751,120500,1
72472364,71005889,64811290,2
69383113,12114423,22760117,1
70011208,72995955,7072744,1
58534,1747,188929920,6
Poloniex.com,HitBtc.com,19273185369,1
367303,72707322,87423248,2
71554939,1598,143280226,2
51523,52526,9990000,1
Bleutrade.com,Kraken.com,499984500,1
809,LocalBitcoins.com,19155394351,6
70138423,7,25000894,2
72839276,72733582,129990000,1
BitAces.me,999Dice.com,4243236,2
74252166,69591287,8747446578,1
483243,74251827,2904115553,1
809,6075,2500060285,1
72098795,162,5005108,2
69539981,71737584,1247756,1
1335,368,299960000,2
Paxful.com,1116,116441930,1
0,Loanbase.com,18671021,2
70534041,69644324,379261135,1
70586820,73126942,120996742,1
5620,Huobi.com,846939732,1
70796631,LocalBitcoins.com,86590418,1
1363687,LocalBitcoins.com,36816406,2
CoinMotion.com,343,131256816,1
Bleutrade.com,Bittrex.com,481135080,9
3179,FortuneJack.com,6445787,2
73962381,70167555,25150586,2
16436397,CloudBet.com,2845054,1
Bit-x.com,60,49999990000,1
354,Luno.com,984537849,2
ePay.info_CoinJoinMess,563,609596521281,9
73988413,ePay.info_CoinJoinMess,294050596,1
777Coin.com,777,2391525,1
0,17787,14487,1
0,811,2910928,2
6620224,Bitcoin.de,2880008734,1
73362513,70322627,75927084,1
Kano.is,Poloniex.com,90126106668,36
72262922,74143867,9120393,1
70560046,72049349,19490000,1
73336369,1769,2114299,1
405610,Cubits.com,195771140,1
Kano.is,Hashnest.com,30042035556,12
72577188,368,5212716,2
821,Poloniex.com,101000041,1
6652,YoBit.net,49993311,1
667745,1747,2190865374,9
72706956,368,13625526,1
367303,69774836,144921036,1
884,Poloniex.com,320766358,2
354,CleverCoin.com,553593103,1
354,1294,3970053043,9
71398204,419,78560,3
3368,1469,13121309,1
70063031,70875337,14116498,2
ePay.info_CoinJoinMess,735,315785051,2
ePay.info_CoinJoinMess,16611459,15310580,1
NucleusMarket,71763755,677900000,1
71816350,MaiCoin.com,33739304898,19
72262753,53194,299980000,1
1022532,HolyTransaction.com,1190472500,2
NitrogenSports.eu,9952536,25691830,2
Hashnest.com,Xapo.com,115222142,2
69146689,Poloniex.com,2309958,1
Poloniex.com,1598,21107944377,7
PocketDice.io,Xapo.com,237047667,73
72341203,73963652,7210390,1
73949018,2230,93246654,3
Poloniex.com,1300,4632794664,1
2237,LocalBitcoins.com,229960000,1
269,4,4418729,1
71319615,999Dice.com,124062,1
1654888,5067874,380901570,1
69984509,73806419,163776833,1
26774,454,599991832,1
SlushPool.com,351391,4921778430,1
4208,33746,29974889,1
FortuneJack.com,4,15058676,6
HolyTransaction.com,1309,1360023,1
92587,BTC-e.com,3152504,1
3980,290,2399880000,4
71816350,2647,6679961611,3
23052521,29328785,712547079,1
Xapo.com,24142,4572292414,1
72943763,71292774,26861200,1
BitBargain.co.uk,96,1301643965,1
396,Betcoin.tm,424585898,1
2433866,2811,1009993951,1
68870910,LocalBitcoins.com,24446372,1
2329,0,98121564,2
354,CoinGaming.io,430944746,1
70953234,49,12295968,1
33291,Xapo.com,162826264,2
74223331,292,6939135,1
107,348,1546821793,2
71267430,BTC-e.com,45692948,2
70849007,74042306,189589140,1
Rollin.io,NitrogenSports.eu,79985847,7
629,0,6980279,4
FaucetBOX.com,170,3405282925,126
Huobi.com,BTCCPool,83721876395,170
Kano.is,139,15021017778,6
71816350,LocalBitcoins.com,1357985244,1
1228047,883,26056324,1
71685734,4758,35003197,2
42046,53150,99990000,1
72759535,BTC-e.com,126827386,3
5137,Bittrex.com,323660019,1
Xapo.com,4,210390254591,76
73807082,70377464,286344422,1
69697166,170,870161,1
2403,YoBit.net,2009951,1
72446106,7,6290000,1
73571494,49,13390000,1
405610,1598,195771140,1
72812731,70271979,721160000,1
1215,472,70069790000,5
2306049,Cryptonator.com,9041380,1
3368,YoBit.net,55478439,2
2026252,73989675,1897850000,1
67991233,73178674,250043726,1
472,BtcTrade.com,54650000,1
72315354,49,13558548,1
5170942,1747,96394000,4
71293095,96,49525714,2
Paymium.com,60,9002887039,3
60,4,1739648938,2
64249570,ePay.info_CoinJoinMess,36544655,1
Huobi.com,563,555930584,18
73126935,73832987,7189750,1
23052521,BTC-e.com,212013106,1
Huobi.com,472,24315341106,10
70560560,200,384088492,1
74330515,2643,21999995000,1
354,970890,5708983520,5
107,57,14255000,1
71816350,883,2138524296,1
2384,NucleusMarket,28378513,1
342,NucleusMarket,455624784,2
315,CloudBet.com,13349199123,2
Bitstamp.net,Kraken.com,14058978240,2
269,LocalBitcoins.com,1495964,1
968,NucleusMarket,2361711845,13
1215,BTCCPool,382722567172,25
1215,BTCC.com,215262833372,23
5325883,72235035,230970059,1
ePay.info_CoinJoinMess,1711316,86858306400,1
71656835,49,14287243,1
405610,Cex.io,587313420,3
73778887,Xapo.com,8185517,2
Bitstamp.net,73590338,6984921063,8
71031884,BTC-e.com,16414000,1
72943668,BTC-e.com,38117499,1
71816350,225885,1688954087,1
71999710,69749374,141070851,1
354,37160511,756405124,1
118992,853912,6631542242,1
Poloniex.com,48860,380772360,1
72262922,72994837,176460560,1
1096237,BTC-e.com,112442734,1
69984656,0,8601616,1
73701365,ePay.info_CoinJoinMess,35918748,1
68426617,290,176760000,1
72262922,69330779,235595308,2
Bter.com,129,23938016,1
1573711,41680,78211997,1
Paymium.com,CloudBet.com,13738626952,2
999Dice.com,227,10170789,1
405610,LocalBitcoins.com,195771140,1
2545,Huobi.com,35661651,2
HaoBTC.com,BTCCPool,859521060,25
74120870,70140140,791248616,2
343,LocalBitcoins.com,2212222,1
71816350,70822184,2258566713,1
254957,1747,211951797,8
50527,Luno.com,267130000,1
417,YoBit.net,2201604989,2
Bitstamp.net,809,8011779860,3
318683,Bittrex.com,1017661328,4
72446398,368,25024480,5
70377588,Cubits.com,18708510,5
34731,Poloniex.com,199990000,1
354,CoinKite.com,4332490042,5
40842,365071,30324080183,1
1478175,454,4798439,1
69278079,72865517,81691827,1
74015284,Xapo.com,3040074,1
72446493,BitcoinWallet.com,279939064,1
1335,61,10896748401,86
Hashnest.com,BitoEX.com,10117143,1
72472364,BitcoinWallet.com,21928594,1
FaucetBOX.com,Igot.com,24429407,2
43774,Bittrex.com,974056,1
Huobi.com,295687,426100981,1
64740,0,384754104,7
71816350,1582,15351857353,9
1694865,1747,382725194,17
70087203,73779497,69720000,1
Xapo.com,1103,10305602017,3
70377464,69591347,96184724,1
34515658,4758,1312516,1
Bitcoin.de,NucleusMarket,21684418615,22
60997896,69853588,61707026,2
ePay.info_CoinJoinMess,1598,347735856463,7
Huobi.com,BitVC.com,7685668433,6
26921715,7,18610122,3
227,999Dice.com,18203545,10
Cryptonator.com,ePay.info_CoinJoinMess,3818000,2
60,162,999990775,1
4398943,354,22204041,1
ePay.info_CoinJoinMess,71738297,105064140,4
5542047,ePay.info_CoinJoinMess,1324988800,1
69512171,CloudBet.com,160841,1
51961,50465,1183320000,1
1007717,4,51635338,1
70744193,Bittrex.com,612971020,4
72262922,73775913,50674967,1
79829,5315647,28502873,1
3980,BtcTrade.com,5122237158,7
1228047,566,33800470,1
1226470,0,24088372,1
45048181,16564,129092936,1
72155587,52527,738930000,1
483243,4938877,3555179426,2
365071,BTCC.com,209998506249,7
Poloniex.com,Bittrex.com,198432957741,66
69435428,38343543,14433877,1
2812638,73544705,7396749,1
71263388,Bitcoin.de,12617000,1
71554939,Bter.com,45685655,1
777,129,13002009,1
71188601,883,8463813004,23
6521368,BitZillions.com,3512680,3
BTCJam.com,PrimeDice.com,4225588,1
71816350,1576,4637898144,3
573664,10907873,5683994097,1
50623,69565686,2486838,1
FaucetBOX.com,72944088,48221470,1
69199627,0,2101677008,16
70010813,70141217,35714350,2
70637696,ePay.info_CoinJoinMess,19480000,1
72472364,73415059,58842316,1
Bleutrade.com,35,28669246,1
57648541,170,4299080,1
Xapo.com,5232,2906676962,1
70193751,72129701,9358930,1
69984672,70403855,92681539,1
83726,Hashnest.com,1735447,1
52642,51420,20873474,1
Xapo.com,57,15554938995,6
6048154,Cubits.com,92054272,1
1228047,60,169300095,1
70717619,7,5460000,3
71319609,Bitcurex.com,5812000,1
1300440,7655,4499990000,1
0,1539,160981,2
Bitcoin.de,ePay.info_CoinJoinMess,2684034927,5
73179451,CoinHako.com,95639499840,10
71816350,Huobi.com,1669594519,1
BitcoinWeBank.com,1598,23836924,1
56353767,10256710,299970000,1
73858722,368,12286301,1
43398859,72103894,129765522,3
Xapo.com,52169949,2541662744,1
3748245,0,267322181,6
1567,ePay.info_CoinJoinMess,680321,1
FaucetBOX.com,199545,55603560,3
40948331,73910951,53293284,1
3348,4,19271424031,1
74278522,BitcoinWallet.com,181286789,1
BitBargain.co.uk,72261027,63695200,1
HolyTransaction.com,MoonBit.co.in,3000000,1
1228047,NucleusMarket,211352897,1
365071,107,29999786607,1
71816350,298,3116190460,2
Huobi.com,69644601,47494897,1
Xapo.com,371,7601812851,3
38565686,2506,15886083,1
Huobi.com,424,129512426529,47
1654888,69147845,466936942,1
1654888,MaiCoin.com,445392529,1
71738275,HaoBTC.com,34815457013,2
1083400,CoinPayments.net,41093357,1
269,337445,15127586,1
72497653,809,5832474808,2
73048147,71710302,98336644,1
999Dice.com,1144,82061351,1
PocketDice.io,468,1320000,1
50606,51523,55104540,1
454,35806,119882904523,3
227,170,2681592,2
Bitstamp.net,73256708,396473199,1
1228047,999Dice.com,469398516,1
269,BTC-e.com,76226373,3
57,71476863,520749,1
SlushPool.com,107,7488323259,2
FaucetBOX.com,376300,59039791,2
468,BTC-e.com,37045131,1
ePay.info_CoinJoinMess,LocalBitcoins.com,57840770061,38
Hashnest.com,2922,9818241,1
SatoshiDice.com,YoBit.net,51090580,1
72051252,CoinPayments.net,2534279,1
612629,NitrogenSports.eu,115980000,4
CoinGaming.io,BTC-e.com,9990855,1
107,1576,139071642,1
Paxful.com,10656886,40452698,1
70926943,69173730,5611584,1
21513315,290,78008709,1
Bitstamp.net,18341099,164988490,1
954,CoinTrader.net_LocalBitcoins.com,164901013691,4
Bitstamp.net,Hashnest.com,132903841,1
Xapo.com,CoinKite.com,181096506605,48
228573,942,1588349,1
70953647,70557402,113615003,1
1654888,175,458021144,1
Paxful.com,40537954,99543944,1
429033,Bleutrade.com,5966611,1
Huobi.com,6274,164295131,4
CoinPayments.net,1386,3474743,1
ePay.info_CoinJoinMess,Bit-x.com,88939184,2
2512197,BTCC.com,96626580,1
11432272,BX.in.th,139796700,1
LuckyB.it,149308,32949750,65
31707,60,92600589,1
1022532,61,9404699715,88
43156702,421,75860700,1
1654888,523,448076739,1
PocketDice.io,999Dice.com,3601415,2
10172,Bittrex.com,23670000,1
1228047,BTCCPool,1575760399,3
BitcoinWeBank.com,BTC-e.com,9027078,1
12552138,71738265,119008236,1
51376,Luno.com,457886995,1
70979656,69801413,684885843,2
0,872,4160000,1
69984656,72367940,9619495,1
354,3120,2493549502,6
73231614,BTC-e.com,120259935,1
SlushPool.com,BitNZ.com,2580317417,1
74094855,73832987,14346644,1
73597842,401,14889141,3
71816350,0,111248513359,62
71162980,CoinGaming.io,10447401,3
71895235,CoinKite.com,392990000,1
71293840,289,182821215,1
NitrogenSports.eu,CoinGaming.io,2745182,2
Bitstamp.net,BitBargain.co.uk,16255015813,4
354,TheRockTrading.com,299826681,1
73047698,73125015,135416981,1
1022532,170,59212400,1
Huobi.com,40842,50006637539,2
821,Bittrex.com,1500900055,1
Xapo.com,BitoEX.com,16521369142,6
Poloniex.com,19396424,4276005795,2
70770466,61,47884765,3
468,107,1116977802,1
Bter.com,1144,7863152,1
0,354,540181746,9
69513766,2643,13266544,1
FortuneJack.com,33485620,16076309,6
ePay.info_CoinJoinMess,27789501,86858306400,1
69932383,72655374,17067521,1
HaoBTC.com,BtcTrade.com,1333048771,30
PocketDice.io,72156746,26540000,1
ePay.info_CoinJoinMess,66692,86858306400,1
96,289,1401000021,1
629,421,1178229,1
Kano.is,107,45063053334,18
259537,0,110434126,2
5542047,BitcoinWallet.com,574210969,1
22399362,597644,499906000,1
69147875,71712161,27458531,1
4338203,LocalBitcoins.com,131866878,1
1769,566,1860504,1
BX.in.th,Cryptopay.me,82342672,1
3594434,Matbea.com,32548022,1
129,354,505609429,3
57,1769,986990,1
70691521,71241133,27811954,1
3368,1386,38997293,2
CoinPayments.net,74147650,16536810,1
70796631,7,612029940,5
11002526,160675,202032727,1
51944,70245911,137270000,1
BX.in.th,1566,196706265,1
472,LocalBitcoins.com,47256725,1
Hashnest.com,1539,9047583,2
7971692,999Dice.com,95744884,2
Bitstamp.net,1879,10234429130,1
51660,LocalBitcoins.com,99890000,1
74144516,70979675,10357528,1
72446493,73519225,229078195,1
745,4,54041976,1
48879272,Paxful.com,38258900,1
348,1576,236600425,1
70822184,ePay.info_CoinJoinMess,1066591,1
190674,Luno.com,120732400,1
BX.in.th,Cubits.com,76032539,1
83665,454,1502039258,2
ePay.info_CoinJoinMess,1306,17469135,1
73517524,51096,399940000,1
Poloniex.com,131,689279089,1
73907604,ePay.info_CoinJoinMess,314501974,4
0,468,31806949,3
73807082,70325092,65504628,1
107,Bitbond.com,12102650,1
11247304,AnoniBet.com,5187561,1
Paxful.com,195,30178456893,229
999Dice.com,72890715,10194855,1
72103703,70690295,73982320,1
118992,461416,1476182611,2
6788854,BTCCPool,22791245,1
4126,20242,230710137,5
73519155,0,4645647,1
354,9244996,553593103,1
Bleutrade.com,1144,4063758,2
FaucetBOX.com,298,14915943,1
3256272,1747,235594142,4
1215,563,59999884300,2
96004,1576,1055202374,1
CoinPayments.net,417,444877082,1
351,0,39789935,13
1391,Cryptsy.com,2777393,1
43156702,28555047,99990000,1
4126,Cex.io,60700074,2
BitZino.com,CloudBet.com,115200762,1
ePay.info_CoinJoinMess,7,252451532,3
73336533,331,17722504308,10
Xapo.com,HitBtc.com,18262859255,6
72262922,71031656,37465073,1
BitAces.me,421,2470000,1
71659791,PocketDice.io,715490,1
ePay.info_CoinJoinMess,CloudBet.com,60015340,2
71816350,2914,1720877764,1
70298377,69487842,33058352,1
0,ePay.info_CoinJoinMess,694300454,122
1316,BTC-e.com,2904510672,2
3368,342,29602455,1
Xapo.com,129,54060878549,19
69879621,CoinKite.com,674724,1
1747,667745,31002033,1
35902,144727,166354885,1
820091,60,74475513,1
MoonBit.co.in,1582,311761666,2
4126,1469,55105130,1
FaucetBOX.com,Xapo.com,43697930186,3681
405610,55598534,195771140,1
637623,1747,377009765,5
70115351,73805523,132842259,1
69723273,96,31492860,1
57,Paxful.com,9480522,3
Coinomat.com,37200188,25487753,1
MoonBit.co.in,FaucetBOX.com,2875559653,15
50320,52724,1225302434,1
1654888,73179434,62558975,1
HaoBTC.com,Poloniex.com,20698994,1
69353,999Dice.com,165529,2
70377464,BTC-e.com,120245904,1
777,999Dice.com,1106063,1
71293718,NitrogenSports.eu,256771701,1
1477737,0,1515636100,10
50651,BitBargain.co.uk,464930000,1
13585,Bittrex.com,9999990000,1
FaucetBOX.com,25914,17278057,2
298,73255864,371101304,1
1228047,170,542182929,2
73309234,21209249,15116796,1
1226,Huobi.com,720474270,1
1654888,1281001,776386276,2
ePay.info_CoinJoinMess,NitrogenSports.eu,441109249,5
SimpleCoin.cz,NucleusMarket,102427055,1
56125939,LocalBitcoins.com,6334899,1
Poloniex.com,70298723,2296472,2
71816350,BTCCPool,5935482061,3
72943763,YoBit.net,180756900,6
0,96,1121000,2
Xapo.com,735,18582407953,7
71816350,999Dice.com,1448098489,1
ePay.info_CoinJoinMess,170,94392825915,97
22972856,1747,70786541,3
NucleusMarket,72629502,49740000,1
1335,ePay.info_CoinJoinMess,114989719,1
SatoshiMines.com,4,48443933,20
73048147,73336077,212627465,1
326396,BTCCPool,39999988000,1
1215,Kraken.com,52659760000,8
71895241,70901286,266998556,1
Xapo.com,1294,23898807130,9
1228047,NitrogenSports.eu,466780125,1
72391467,1747,20088678,1
CoinPayments.net,32354,8926258,2
71816597,27210,15620723,1
73806316,200,579521,1
Huobi.com,OkLink.com,6895256789,23
695950,NitrogenSports.eu,10201136,1
PocketDice.io,VirWoX.com,1370000,1
Xapo.com,348,28833733500,9
74068096,70429832,1560000000,800
Kano.is,45641,10032983147,4
70482223,1469,1873252,1
Xapo.com,1539,42178308714,15
CoinKite.com,NitrogenSports.eu,3580379,1
4126,69513856,323156389,6
2705,69591292,81404659,1
Loanbase.com,FortuneJack.com,5004800,1
52528,421,265285333,1
3179,LocalBitcoins.com,155001012,1
NucleusMarket,70533810,45909770,2
51747117,Paxful.com,11047340,1
4126,1309,157793655,3
Xapo.com,Rollin.io,29320625091,11
Xapo.com,1578,2658039538,1
0,37078943,10466989,2
93141,175,6015168520,2
72839276,71842951,99990000,1
73336533,YoBit.net,3143074114,1
69460734,368,2134480,1
NitrogenSports.eu,61326504,51006511,1
Bitstamp.net,71121318,442369066,2
Poloniex.com,605,97690349264,19
354,3221647,553593103,1
72759535,73832987,16394243,3
0,57,112135835,11
72419729,Paxful.com,130548404,2
31707,48860,92600589,1
Poloniex.com,HelixMixer,149431820,1
Bitcoin.de,343,1167242027,2
1578,61,1705690355,35
74120870,74067369,200273629,1
Cryptonator.com,351,5150021,2
354,Cryptonator.com,553593103,1
70141336,513,5340268,2
0,4,368075192,32
57,Cubits.com,8016029,2
71450805,Bittrex.com,1176860967,1
7655,Poloniex.com,2132133000,3
CoinJar.com,Poloniex.com,2466731802,3
1577580,6246,227041934,1
60,OKCoin.com,4999958492,2
ePay.info_CoinJoinMess,72130745,329864712,2
31707,47654,92600589,1
354,1598,1107186206,2
71816350,402221,2079647403,1
7491050,942,11884800,1
73048147,69121518,125047464,1
ePay.info_CoinJoinMess,152,351194515510,50
40948331,BTC-e.com,396399964,1
28243748,FortuneJack.com,3864953178,2
CoinKite.com,1386,21489,1
BitBargain.co.uk,72839276,786565000,3
59589,OKCoin.com,1738861200,2
ePay.info_CoinJoinMess,126,86858306400,1
0,Hashnest.com,105282699,11
22399362,LocalBitcoins.com,287365887,1
ePay.info_CoinJoinMess,CleverCoin.com,86858306400,1
50649943,17296627,799880000,1
73359440,49,13484494,1
15287886,0,17374077,15
3980,CoinPayments.net,99950000,1
Paymium.com,Poloniex.com,6869313476,1
Hashnest.com,315,15786184,2
69697250,ePay.info_CoinJoinMess,63787343415,4
Bitstamp.net,BTC-e.com,11987523169,5
FaucetBOX.com,497,22036889,1
Paymium.com,MercadoBitcoin.com.br,6869313476,1
FaucetBOX.com,1315126,25713387,1
Rollin.io,Cex.io,390000,1
6485649,1747,86840000,1
52642,5537264,64783474,1
354,2643,6646465393,5
BX.in.th,351,3509300,1
Poloniex.com,999Dice.com,7299134502,3
51711,73441091,557126000,1
71005890,0,7524841,1
456,HelixMixer,921779012,4
70089418,1144,1718538,1
227,101,4963925,1
70796582,74278506,46461129,1
71554951,71659840,65061318,1
1226470,421,13392872,1
70325236,BitVC.com,51048731077,1
51,61,325656773,4
1598311,331,290970000,1
Xapo.com,1138,8098175099,3
1228047,SatoshiMines.com,533302739,2
454,8388,167951564424,3
69355779,Huobi.com,6064975,1
Poloniex.com,TheRockTrading.com,767199363,1
72208981,10789,14670000,1
289,Huobi.com,12938440135,2
22583343,69670966,60014009,1
3368,Cryptonator.com,329877431,14
70927660,73701365,169064135,1
72839110,74014446,1300610,1
Xapo.com,2329,8236205036,3
995,1769,3225579,1
Xapo.com,566,12002364977,3
74042229,71659227,205415641,1
454,15549,21322613899,1
44932,454,13568972,1
405610,152,978855700,5
FaucetBOX.com,1144,1107142306,16
MoonBit.co.in,64471563,38061081,1
Bitstamp.net,72330263,4806824811,4
73727774,368,6523540,1
NucleusMarket,GoCelery.com,11800000,1
60,809,3999964651,3
71554939,777,45406769,1
71553612,BTC-e.com,13090000,1
70534041,72577041,50344357,1
3594434,1309,51320561,1
72865207,LocalBitcoins.com,98620000,1
ePay.info_CoinJoinMess,72655381,44469592,1
26515,BTC-e.com,1893008491,2
CoinPayments.net,Bitcoin.de,178679873,3
Poloniex.com,73832621,7848742,7
50810,Luno.com,110070000,1
483243,Bitbond.com,381388128,1
2506,233,62280658,6
454,36557,21322613899,1
HaoBTC.com,563,52585849,2
289,Xapo.com,319255158,2
71816350,Hashnest.com,7446728598,5
4908,461416,503072810,2
227,Hashnest.com,1580054,1
Xapo.com,71292774,5234499546,2
72943763,Bleutrade.com,26861200,1
FaucetBOX.com,1309,1337102851,15
641,Xapo.com,2159486,1
Paxful.com,1443830,171896587,1
483243,69879885,96338128,1
443972,NucleusMarket,1499933628,1
73282729,1004,2731000,1
73778887,7030145,5126070,1
1872,6963,4549750454,4
429033,66152,137703951,1
1477737,1598,57522940,1
ePay.info_CoinJoinMess,7219,86858306400,1
Paxful.com,72811110,29237312,1
70298721,2803,9980000,1
0,72078370,11752410,1
61184934,LocalBitcoins.com,4020264,1
FaucetBOX.com,47313,129268472,1
28243748,Xapo.com,1713832639,1
3368,421,167535219,9
41853224,0,47904640,1
73963652,60997896,217827355,3
MoonBit.co.in,72498594,156347288,1
71685540,41620911,713000195,1
FortuneJack.com,BTC-e.com,7272847,1
72052093,513,4562608,4
83665,LocalBitcoins.com,2355015977,3
70770466,233,639112995,12
71816350,292,3303378997,2
18488383,LocalBitcoins.com,1648689019,1
8144584,LocalBitcoins.com,17977942,1
ePay.info_CoinJoinMess,238,86858306400,1
1370,HolyTransaction.com,22958556,1
1654888,73858387,104196892,1
1228047,468,1004157725,3
Poloniex.com,2647,74642958033,25
69539894,2184,396119798,1
354,421,24208191143,34
PocketDice.io,175,1145526,1
57,BitAces.me,8741685,2
Bleutrade.com,Bit-x.com,49460100,1
999Dice.com,0,78363374,16
BitZino.com,32062862,166404188,2
354,69981079,428100294,1
HolyTransaction.com,7351,1100075,1
3368,MaiCoin.com,42723764,2
17434798,BTC-e.com,11834431,1
830,53944833,558048949,1
SlushPool.com,CoinHako.com,5068973019,2
MoonBit.co.in,1309,533047635,3
MoonBit.co.in,227,303112864,1
32342926,Paxful.com,200050524,1
70770285,73807167,88115319,1
70011039,70638958,45622366,1
70062872,69435310,154799701,2
809,BTCC.com,97839673802,55
872,LocalBitcoins.com,539348199,4
57,187206,17836578,1
19025100,NitrogenSports.eu,4840001,1
69486955,368,7979614,1
0,3208,6133993,1
70115478,BTC-e.com,156369771,1
Huobi.com,BitoEX.com,2417811156,1
417,BtcTrade.com,3002180000,1
63412467,Hashnest.com,698908,1
70796631,CoinTrader.net_LocalBitcoins.com,197654418,2
28243748,70325078,1668053839,1
454,76526,26175434152,2
BTCJam.com,MercadoBitcoin.com.br,617399919,5
69692690,32354,1144827,1
Bitstamp.net,20378252,164988490,1
YoBit.net,289,1091130,1
57,1578,12991502,1
417,31898,3888818000,1
ePay.info_CoinJoinMess,1294,608294798419,11
1227,CloudBet.com,6748075,1
16621,999Dice.com,21394926,1
8063818,Poloniex.com,24028122,1
HaoBTC.com,CoinPayments.net,48246847,1
70089040,40802,949624973,1
51094,1280735,415754358,2
52184976,4,4872592,1
3535,139,1999932600,1
Xapo.com,Cryptopay.me,72597409482,25
Kano.is,32354,15021017778,6
Paymium.com,LocalBitcoins.com,6882950417,1
72051742,70193650,14979462,1
1138,CloudBet.com,2454437,1
365071,4050,29999786607,1
15549,454,511778445,6
59589,417,123654359100,9
354,87357,299826681,1
0,60,2249688917,20
Xapo.com,233,24822707883,9
Bitstamp.net,354,5999979094,1
70167579,96,32732648,1
1316,LocalBitcoins.com,440563000,1
69852413,5269835,118738173,2
73907821,49,13263859,1
57018697,96,99990000,1
ePay.info_CoinJoinMess,74147576,99989000,1
118992,91531,6631542242,1
Poloniex.com,8388,14659951885,2
9796635,NitrogenSports.eu,1057000,1
ePay.info_CoinJoinMess,58102,2854600,1
ePay.info_CoinJoinMess,Cryptonator.com,88826079885,38
ePay.info_CoinJoinMess,4252781,34280000,1
73336533,66236333,2441707736,1
69278223,29334716,49662730,1
3980,424,99950000,1
69330277,LocalBitcoins.com,17001510,1
72943763,69250382,46450900,1
24439,354,2712126532,2
Xapo.com,Exmo.com,26161006831,9
16768780,69173728,49810974,1
FaucetBOX.com,71790150,11778943,1
70612004,74251985,528658103,2
45048181,73441090,391515436,1
4126,175,362434867,7
417,2433866,2999980000,1
BitBargain.co.uk,NucleusMarket,7881165792,22
FaucetBOX.com,307899,48221470,1
1022532,74094368,132462200,1
Bitstamp.net,70965830,2749983270,2
735,BitoEX.com,4994336,2
64740,Bittrex.com,54964872,1
118992,58534,6631542242,1
71554939,Luno.com,94952139,1
354,70089277,428100294,1
1654888,Luno.com,879671770,2
70560560,1386,1552480000,1
69723381,269,2944178,2
20914,37,1188940000,2
PocketDice.io,1941,1179056,1
73152305,10789,44070849,3
454,1478175,7461948523,1
1228047,290,1628537625,6
999Dice.com,Poloniex.com,21463,1
Kano.is,72865479,15021017778,6
0,777,40000,1
ePay.info_CoinJoinMess,72497478,1466354,1
5256,Poloniex.com,51968774,2
Bitcoin.de,CoinPayments.net,1534932671,2
CoinGaming.io,LocalBitcoins.com,7470879,2
485934,FaucetBOX.com,4863624,1
4327041,290,21203400000,1
31741364,ePay.info_CoinJoinMess,1030980000,1
Genesis-Mining.com,Bittrex.com,1656111048,6
ePay.info_CoinJoinMess,1469,174110009395,13
72051908,49,10336677,1
0,3274,6191462,2
71816350,70586489,1956776082,1
1215,69199972,2519934350,1
69827719,73936949,426779328,1
FaucetBOX.com,3368,7989308,1
73021903,BTC-e.com,214260000,1
1654888,1769,490039977,1
72367940,70796445,12397585,1
1022532,LocalBitcoins.com,505867300,3
73336533,1144,1521094593,1
12101,4544,20330000,1
69200099,401,1425169,1
SafeDice.com,4,8207711,1
1306,Poloniex.com,22916552,1
777,ePay.info_CoinJoinMess,15862732,1
72289129,860,48357593,1
Poloniex.com,6573,1415798488,1
71371685,7,5299145,3
72367970,7,1291653,2
74120870,73153035,825216561,1
Xapo.com,73388652,5408847185,2
4908,1956,149811332,1
2656200,HitBtc.com,899827,1
50965,Luno.com,99990000,1
1228047,LocalBitcoins.com,5788814514,16
1316,19431,28403237,1
PocketDice.io,1144,3483817,2
0,563,48134900,1
FaucetBOX.com,BX.in.th,176405893,12
71816350,Cex.io,6545167269,4
MoonBit.co.in,CoinKite.com,123507388,1
Kano.is,11686,27557803648,11
72259925,401,43440000,1
351,MaiCoin.com,8290000,1
Exchanging.ir,566,25092024,1
73231273,LocalBitcoins.com,185095343,2
11432272,CoinPayments.net,256071300,2
405610,72183406,195771140,1
13286399,129,9590000,1
51365,50236,102207179,1
51977,11002526,36593548,1
70534024,51675,231350000,1
Poloniex.com,255623,2505875334,1
70770330,401,6474820,1
ePay.info_CoinJoinMess,BitVC.com,173716612800,2
28243748,999Dice.com,3254640078,2
0,Purse.io,265304997,8
Hashnest.com,Cubits.com,9190043,1
5315647,1747,469090000,5
71215126,Bitstamp.net,3254516700,1
1654888,331,462932395,1
107,0,242520572,4
72733751,4,10138724,1
195,7,2975389312,7
67927,Paxful.com,15179000,1
Poloniex.com,884,3417653795,3
6252,FoxBit.com.br,4598764,1
Xapo.com,HaoBTC.com,16439257183,6
ePay.info_CoinJoinMess,73989621,28022015,1
SafeDice.com,497,7264415,1
74252166,HaoBTC.com,52484679468,6
405610,1386,195771140,1
0,Cubits.com,161674283,39
Kano.is,8577123,15021017778,6
1228047,195,472856623,1
71163044,72891495,7757273,1
69827719,57451766,110271164,1
28243748,2129037,6584568717,3
34168008,BTC-e.com,14585525,1
269,Exmo.com,1478835,1
Kano.is,269,15021017778,6
9767741,LocalBitcoins.com,338053000,3
3368,3077,29602455,1
2696,SafeDice.com,8623513,1
259537,Cryptsy.com,55217063,1
72156746,Cubits.com,70803,1
654099,Poloniex.com,1503421595,2
33293913,860,108952148,3
MoonBit.co.in,2227706,206042614,5
FaucetBOX.com,2331,11778943,1
72733453,4,330358471,3
72446493,60997896,57537466,1
4126,Bittrex.com,308291183,7
71188601,BitcoinWallet.com,362994545,1
BitcoinWallet.com,883,11546693,1
71816350,Bter.com,2135666270,1
72603429,368,1199055,1
72943763,ePay.info_CoinJoinMess,219936300,6
PocketDice.io,Poloniex.com,3347756,2
14857019,49,4100244,1
1575,Hashnest.com,1037204,1
5269440,3957,7405834,2
Paxful.com,Xapo.com,244956814,1
483243,NitrogenSports.eu,8968552787,8
70926236,69589804,4665190,1
1654888,Exmo.com,806063161,2
48378,354,51187200,1
CoinTrader.net_LocalBitcoins.com,2067,10000000000,4
3319,999Dice.com,1312827,1
Xapo.com,32354,5023087116,2
Hashnest.com,5941,25904845,6
72315523,LocalBitcoins.com,68533687,1
FortuneJack.com,Poloniex.com,11024999,1
Xapo.com,35,5424728025,2
71554939,513,151539846,2
60,BitBargain.co.uk,14499963517,3
73336518,73307830,2270434748,1
999Dice.com,170,224412740,10
16369,454,75978900,2
Bitstamp.net,898,10591083977,3
69642258,860,724797215,1
59589,577504,269282000,1
71528935,ePay.info_CoinJoinMess,1091672117,1
72419170,Xapo.com,5202000,1
FaucetBOX.com,PocketDice.io,11778943,1
45048181,331,253888372,2
ePay.info_CoinJoinMess,122,11109760000,2
1228047,HolyTransaction.com,268909179,1
47309,0,13197186,1
35707,454,530801009,1
999Dice.com,69749485,3582394,1
71999088,4758,17083570,1
70140181,BTC-e.com,2735110,1
71241457,73360669,408550567,1
72865352,2624,14195150,1
PocketDice.io,HitBtc.com,3940000,2
11906,BTC-e.com,6187356846,4
354,19099,4984856686,4
1769,1138,2073914,1
454,22176,146230768951,5
Poloniex.com,152,180235215,1
107,CloudBet.com,322891914,1
999Dice.com,LocalBitcoins.com,138977666,2
1654888,1294,929965164,2
70217996,Huobi.com,130663900,1
16962,255623,14928788,1
72524868,60,471284653,2
3810,BTC-e.com,9124747,1
LuckyB.it,1528188,2740000,2
Poloniex.com,24493,324338887,1
17427381,Xapo.com,3150210,1
Huobi.com,Poloniex.com,14980000,1
809,Cex.io,937409991,1
73336533,227,1543936947,1
70089418,Hashnest.com,1548538,1
59589,7,5970700,1
5162,525,918040203,1
954,Purse.io,28199950000,1
CoinKite.com,5591459,960000,1
ePay.info_CoinJoinMess,35,176251417,1
6048154,BTC-e.com,260077858,2
ePay.info_CoinJoinMess,871,86945481,1
CoinGaming.io,Paxful.com,687685114,1
70634822,7,1513845,1
126,Cubits.com,27961193,1
2237,Xapo.com,1197014,1
71816350,189,6836042051,3
ePay.info_CoinJoinMess,1226,260574919200,3
59589,2647,872842200,1
28243748,SwCPoker.eu,2100878039,1
0,49720,517771504,1
73126816,368,19437153,1
CoinKite.com,BitcoinFog,41138139,1
Huobi.com,421,553587583,5
69852413,73153273,59377753,1
ePay.info_CoinJoinMess,58809,86858306400,1
69697250,18340295,61864995610,5
73231267,368,60603041,1
SlushPool.com,73048424,7502095847,2
Xapo.com,Bitbond.com,10299191236,4
129,MercadoBitcoin.com.br,19883447,1
ePay.info_CoinJoinMess,69260,86858306400,1
SatoshiMines.com,PocketDice.io,1135640,1
Xapo.com,OkLink.com,7890709765,3
BitcoinWallet.com,331,81052000,2
52484,51559,1205434417,1
70770268,351,12607129,1
BitcoinWeBank.com,Poloniex.com,23259457,1
Poloniex.com,3594434,639409246,1
2506,70141234,14369190,2
71816350,VirWoX.com,2014247483,1
Poloniex.com,Paxful.com,2682132372,1
73336533,Xapo.com,68206957198,38
1710904,BitBay.net,59392566,2
70063369,71947360,1271455760,3
Huobi.com,290,38084136649,180
69382154,72681535,20226205,1
Genesis-Mining.com,57,276018508,1
53725739,Hashnest.com,585966,1
74330073,7,1609379,1
Crypto-Games.net,SatoshiMines.com,4684668,3
72943763,3423,26861200,1
3576172,Cubits.com,101888200,1
405610,ePay.info_CoinJoinMess,4502736220,23
533334,1747,9800000,1
FaucetBOX.com,629,59136461,5
259537,Bleutrade.com,55217063,1
Xapo.com,74042229,3898077981,1
3368,HitBtc.com,94475732,4
NitrogenSports.eu,Poloniex.com,11501353,1
0,72969927,240732,1
Xapo.com,37,148613560476,3
0,1022532,4988900,1
69539894,ChBtc.com,15109798,1
71816350,68873411,2139120296,1
Luno.com,809,8396009141,2
0,1747,3063133,3
72103703,0,20941541,1
52374,72155587,119700000,1
Xapo.com,69644132,2562917152,1
70875103,7,14890000,1
118992,7414521,4103581524,1
YoBit.net,Bitcoin.de,13747497,1
71685540,71084752,1282669810,2
YoBit.net,2480,16646666,1
1103,73336533,8997958822,3
Xapo.com,MaiCoin.com,19823324872,7
Paxful.com,74278578,316279741,2
170,71554939,1023828364,6
269,189,2884006,1
CoinKite.com,Xapo.com,3785713472,8
60,Poloniex.com,328354700578,100
354,31951990,2725973457,2
Crypto-Games.net,0,1143276,1
Poloniex.com,342,674025564,1
CoinPayments.net,74328597,2887018,1
118992,2292300,6853237711,3
1335,Xapo.com,99980000,1
Poloniex.com,2643,84055101063,24
FaucetBOX.com,11112912,33326404,1
71450805,Paxful.com,12722017116,8
4570,61,8361159,1
Bleutrade.com,73544476,38451960,1
70901447,1747,205636611,3
105520,860,1241033093,1
1654888,227,496422107,1
22183,Poloniex.com,19990000,1
SlushPool.com,LocalBitcoins.com,2566544829,1
227,FaucetBOX.com,3681967,1
73963652,70953647,125353541,1
ePay.info_CoinJoinMess,1769,272984339,4
122,3348,22704030153,2
906,Huobi.com,745647357,1
70744154,4544,423399860,1
50899,Luno.com,201430000,1
44864,454,3999991832,1
70770466,ePay.info_CoinJoinMess,38904000,1
ePay.info_CoinJoinMess,368,158316152,5
HaoBTC.com,1566,48292016,1
YoBit.net,Cubits.com,4810876,1
Bter.com,Xapo.com,114451657,3
70534024,CoinKite.com,231960000,1
898,74093665,299985000,1
72943763,1316,92901800,2
70427437,LocalBitcoins.com,393665963,1
72733751,CoinTrader.net_LocalBitcoins.com,2596484,1
16768780,BTC-e.com,480994946,1
0,101,73678814,3
ePay.info_CoinJoinMess,70923180,51158543,1
73152872,1578,54990000,1
Cryptonator.com,1144,3488138,1
68426617,17427337,210550311,1
5109547,LocalBitcoins.com,101291820,1
CoinCafe.com,NucleusMarket,113293681,1
38565835,200,11153021,1
20378252,348,4038416,1
44862,354,21087200,1
3203078,21368174,47761051,1
Paxful.com,NucleusMarket,518204699,3
51218,72655180,762440000,1
1227,860,327445995,2
72943763,Cryptopay.me,26861200,1
71947632,368,4026589,1
Poloniex.com,Bleutrade.com,1419660908,2
49925,0,1995954,1
52012,11002526,86724000,1
ePay.info_CoinJoinMess,13637,3070641418,1
Huobi.com,Bittrex.com,4193737523,5
849,566,17800715,1
365071,17655,29999786607,1
72865537,999Dice.com,1296422,1
3368,71528822,25875984,1
70586820,72315466,356514291,2
52169949,Hashnest.com,184835,1
4126,Bitcurex.com,82217202,2
Bter.com,2461,9890000,1
45048181,56097,394792936,1
762014,8241,708431,1
51293,70245911,184961021,1
73728575,368,3601846,1
5542047,Bittrex.com,2888872366,3
CoinGaming.io,CloudBet.com,1470000,1
30052,454,247114764,1
SlushPool.com,Poloniex.com,12583507961,4
69435431,BTC-e.com,179453547,2
45298568,BTC-e.com,3686775,1
FaucetBOX.com,73336369,12650464,1
73595981,860,60934806,1
FaucetBOX.com,605,129268472,1
405610,1144,587313420,3
70534041,72262873,398545187,1
51630,51809,411890000,1
68426617,72051742,200623653,1
71816350,3578,4442851145,2
444,YoBit.net,49994476,1
ePay.info_CoinJoinMess,1566,173716612800,2
52540,50887,68127179,1
73779437,Huobi.com,79430695,1
69200072,70167746,50237030,1
72103916,74330515,88014497313,2
238,Poloniex.com,564342054,2
71553612,ePay.info_CoinJoinMess,179352526,1
745,BitcoinWallet.com,19937232,1
396,Poloniex.com,46053779672,24
73963643,71869225,10072605,1
73020151,CloudBet.com,25111969,1
999Dice.com,YoBit.net,1845419,2
70770116,4,1811840,1
Xapo.com,Bitstamp.net,8136025238,1
28243748,0,1791167439,1
27783920,Xapo.com,64274922,1
70167655,Bitstamp.net,3705666536,5
70796452,FaucetBOX.com,9192494,1
50380,41379,42694506,1
70508200,200,11339125,2
1654888,19779,385988766,1
2080807,LocalBitcoins.com,18430000,1
72183504,71213775,6586142,1
Paxful.com,CoinGaming.io,2001630963,17
1391,Kraken.com,39183363,3
Xapo.com,2461,5531063026,2
405610,FaucetBOX.com,223550928,2
1228047,Luno.com,9947206751,36
37,60,32731326,1
405610,Luno.com,1957711400,10
238,162,801016324,1
72941497,7,7449416,3
478742,833,3041010,1
1567,Xapo.com,926610,1
70298723,7277,254600,5
71084752,8194,299990000,1
2577304,YoBit.net,157673,1
69538567,3578,55446137,1
72759076,368,4289470,1
71553612,368,210992519,2
Xapo.com,NitrogenSports.eu,28730258106,10
227,CoinKite.com,1144861,1
429033,72498630,11583019,1
2231466,3053082,12953600356,3
71241267,72367929,142130500,1
69383113,73152716,35082000,1
NucleusMarket,BitcoinFog,470800277,2
ePay.info_CoinJoinMess,67933107,10284190,2
6131,Huobi.com,1233974200,1
Poloniex.com,Cubits.com,5432296268,5
25914,33291,25194,1
69304027,70011208,2893782,1
6274,2468655,344277856,1
2067,Poloniex.com,2499988700,1
354,Exmo.com,1637834011,3
69749374,888,219835037,2
0,PocketDice.io,8660010,14
MoonBit.co.in,1144,894002898,5
Vircurex.com,Bittrex.com,5039739,1
315,NitrogenSports.eu,552364733,1
Bitstamp.net,2093,3568256235,1
PocketDice.io,523,1277023,1
1567,0,1330765,3
72733751,170,10034989,1
26582,Paxful.com,361959320,1
69252057,61,83463000,2
74015954,70848003,27409206,1
CoinKite.com,CoinApult.com,538277823,1
72655381,5514,55220000,1
70770461,69956730,21609691,1
ePay.info_CoinJoinMess,PocketDice.io,246321039,3
Rollin.io,0,36166907,9
70690987,52685,103869161,1
483243,LocalBitcoins.com,5054326969,5
1070,74226343,68626869,2
SlushPool.com,31156,2580317417,1
354,6748,6346638712,4
72341542,1316,15145275,1
Xapo.com,HolyTransaction.com,49594383365,17
73725617,7,200980000,16
954,290,91912812758,21
58809,0,46078375,1
Rollin.io,3709580,3624965,3
942,Xapo.com,195000,3
57,NucleusMarket,735484155,3
Bleutrade.com,ePay.info_CoinJoinMess,1150000,1
70063369,7,5953691,1
60,Bitcoin.de,22529289152,11
405610,CoinTrader.net_LocalBitcoins.com,195771140,1
71554840,49,5330500,1
3007269,61,352008550,2
51781,11002526,1052294042,1
1506795,Xapo.com,3313647,1
33291,MercadoBitcoin.com.br,81413132,1
1477737,BX.in.th,1039031996,2
Bter.com,Bitcoin.de,6027754,1
70011004,52841921,3071730,1
2237,MercadoBitcoin.com.br,29960000,1
ePay.info_CoinJoinMess,73518448,3444293189,1
ePay.info_CoinJoinMess,513,28417300,1
71816350,ePay.info_CoinJoinMess,9185663227,5
71790520,289,241445770,1
108,0,3919380,2
6252,MaiCoin.com,6860000,1
1228047,4331368,488309132,1
660229,CoinTrader.net_LocalBitcoins.com,599173600,1
YoBit.net,MeXBT.com,1464337,1
61843996,1054,319817000,3
ePay.info_CoinJoinMess,73907604,10970362,1
44056397,Paxful.com,800421283,1
73518960,72209815,1903948,1
35,354,99060244,3
68859058,6788854,1960811,1
0,23555482,564000,1
BX.in.th,4,4099073061,8
72444966,289,31176014,1
3368,170,116625245,5
Poloniex.com,22286811,831901066,1
Bitstamp.net,69539025,4229342367,2
50898,51406,100076240,1
71816597,368,23010000,1
3167082,FortuneJack.com,8118395,1
72446410,71764046,552429594,1
72865519,1022532,50411989,2
2237,6788854,37174904,1
70089222,Matbea.com,185556000,1
13315963,1747,56532950,2
3368,152,68599748,3
71763802,368,1673092534,3
71528803,ePay.info_CoinJoinMess,123539652,1
72262922,74146842,172133496,1
6983674,NitrogenSports.eu,220029000,3
454,30052,117837190218,3
5501374,69801953,20524042,1
129,61,8225835,2
PocketDice.io,1528995,7714930,1
28243748,891,2114124439,1
71163224,49,7204390,1
Poloniex.com,289,36209676705,13
ePay.info_CoinJoinMess,1647,1389732902400,16
Kano.is,24439,15021017778,6
351,1469,6200000,1
Paxful.com,401,284738005,2
405610,227,391542280,2
CoinJar.com,60,522538836,1
SimpleCoin.cz,Xapo.com,201785055,1
14122626,1747,5843787,1
CoinPayments.net,1538606,3321720,1
1575,YoBit.net,10600994,1
Cryptonator.com,233,7315094,4
6252,MercadoBitcoin.com.br,11458764,2
Kano.is,111090,252856708395,101
405610,Cryptonator.com,3915422800,20
107,73388652,289287872,1
833,YoBit.net,322810266,2
73989670,72838739,19232333,1
7398,Bittrex.com,103920000,1
FaucetBOX.com,Hashnest.com,306520582,13
Bit-x.com,6521368,8710000,1
71895241,74042192,288433688,1
74042190,0,4124149,2
29562533,LocalBitcoins.com,1545030000,1
Bter.com,BTC-e.com,728770000,1
CoinPayments.net,1083400,20052909,1
0,CloudBet.com,151295789,20
71972654,Luno.com,74180000,1
73336533,417,4271943357,2
31530509,1747,372300000,5
71710653,21774,8407081,1
72103703,73544837,48916703,1
2581739,461416,382811385,1
51781,0,743384042,1
71450805,16971,880587073,1
38147,ePay.info_CoinJoinMess,78669929,1
BX.in.th,BtcTrade.com,42817517768,75
2428,233,16293888,1
454,45004,58094231273,1
71554939,PocketDice.io,68216808,1
15857340,72812937,1774108869,2
354,70429872,4855563736,3
73258302,74328511,19071627,1
71761939,227,186464200,1
Cryptonator.com,SecondsTrade.com,256599768,1
69827095,3504685,36248254,1
70089229,51819,199960000,1
1228047,1918,4833689,1
5542047,Xapo.com,635997824,2
19396424,129,306341987,1
60,70848488,1999983089,1
Paxful.com,72943679,299962900,1
Huobi.com,NitrogenSports.eu,104828573,1
74330365,69147702,148211976,1
Xapo.com,777Coin.com,2922412117,1
454,35800,35915500904,1
0,1598,493890,1
122,131,12140705,2
71240724,4758,1190763,1
ePay.info_CoinJoinMess,Cubits.com,343156699,14
FaucetBOX.com,57332499,22036889,1
FaucetBOX.com,70377652,22036889,1
454,58497,87272842462,3
69565087,7,5040000,1
ePay.info_CoinJoinMess,331,307479615,4
YoBit.net,227,34555571,3
1654888,69539680,102413466,1
175,129,201568147,1
72262922,73388181,24482532,1
Xapo.com,Hashnest.com,62368440797,21
52652060,0,72297559,1
25695512,BTC-e.com,482990000,1
70245911,70534024,184491021,1
1215,348,5029990000,1
4126,0,1513096546,30
CoinPayments.net,CoinTrader.net_LocalBitcoins.com,263040410,4
70534041,72654739,134007948,1
735,0,1070868,1
72367415,4,525936,1
2630,27447,371558806,1
108,Rollin.io,4719116,1
71816350,60,3310680826,2
3368,331,68599748,3
16611459,ePay.info_CoinJoinMess,17290128,1
25384573,BitcoinWallet.com,7648639,1
1477737,315,25870000,1
0,Xapo.com,678507720,79
PocketDice.io,4,43972706,21
70245504,73832987,14475927,1
FortuneJack.com,NitrogenSports.eu,4601046,1
ePay.info_CoinJoinMess,821,3802340000,1
353133,71163044,10831460,1
MoonBit.co.in,Cryptonator.com,158283399,1
Poloniex.com,Paymium.com,14486061120,3
70901336,71241399,228890000,1
71005804,Paxful.com,8719379,1
Xapo.com,Bittrex.com,76640657674,27
15432075,195,20212856,1
ePay.info_CoinJoinMess,Btc38.com,1997741047200,23
16436397,Betcoin.tm,6865894,1
71553612,170,3887514,1
2230,7,17125765,1
45048181,315,389252936,1
Bitstamp.net,2384,35890149102,12
70875348,9294193,160549929,1
69199627,1315444,131354813,1
252,129,1476948,3
24951,Cubits.com,26018900,1
1151,BtcTrade.com,39268000,1
Hashnest.com,227,1334605,1
64475,290,5572998,1
NitrogenSports.eu,FortuneJack.com,2209456,1
906,60,1736009511,3
72839276,72208160,99990000,1
73047346,Cubits.com,13584141,1
74198621,CoinKite.com,50344908,1
YoBit.net,Poloniex.com,1498349366,16
71213219,CoinTrader.net_LocalBitcoins.com,323799004,2
73047346,CoinGaming.io,139149833,5
ePay.info_CoinJoinMess,1391,173716612800,2
849,2725849,78990879,1
1477737,871,179970000,1
1477737,71554683,742429621,2
16460,454,29075222159,4
45048181,21068,116507936,1
289,BitcoinFog,280530135,1
SimpleCoin.cz,348,21402055,1
11432272,BitAces.me,90233200,1
298,290,2587337410,7
4908,Bittrex.com,636799563,4
456,289,355573915,3
ePay.info_CoinJoinMess,BitoEX.com,434371826343,9
1030186,354,21522583,1
566,4,1731724,1
72995762,71476550,81908591,1
Xapo.com,2331,6373910503,2
Poloniex.com,1144,10349291741,11
0,497,30829548,5
73153221,69618201,48160825,1
FaucetBOX.com,883,297715613,11
51365,Huobi.com,331052000,1
Bitstamp.net,0,18273483783,3
70586820,69171579,250613641,1
35,Poloniex.com,514485637,3
BX.in.th,605,128219223,1
73336533,233,2489114834,1
13315963,2450513,3921000,1
73884846,73832987,8819336,1
57,0,73115588,8
629,Cex.io,4359548,1
127566,Exmo.com,6429000,1
11432272,ePay.info_CoinJoinMess,137834400,2
80393,1747,9980000,2
FaucetBOX.com,72550352,48221470,1
2178756,69880033,128006577,1
32561,454,82133173,3
67991233,74328074,456215177,1
71816350,4,25407251237,13
864,629,65958615,2
ePay.info_CoinJoinMess,SatoshiMines.com,95094694,22
4908,YoBit.net,527710097,5
71816350,Bleutrade.com,8117184358,5
ePay.info_CoinJoinMess,Bleutrade.com,467871247,4
131,Purse.io,335300000,3
Poloniex.com,BX.in.th,2761491874,5
FaucetBOX.com,2803,59399898,2
Huobi.com,2184,27464633,3
1959,45532,208736620,1
51868,53150,299980000,2
354,417,2683183382,2
NitrogenSports.eu,ePay.info_CoinJoinMess,872500755,6
456,1576,21740386,1
70953245,4,202830931,2
CoinKite.com,BTCJam.com,23894,1
1022532,BTC-e.com,376906800,2
0,1309,8671210,1
65795187,71999865,10840000,1
YoBit.net,1582,11607360,3
0,71580362,14980655,1
65,Bleutrade.com,1236395,1
1098,411,5102661,1
367303,72812732,141897000,2
2237,0,75556350,3
70087203,72994752,340900000,1
74328868,BTC-e.com,11355910,1
605,5010,1499990052,1
483243,74277226,480581885,1
3615819,1747,245760000,4
6252,3423,4598764,1
73413077,227,439251,1
BTCJam.com,Paxful.com,7014096,2
39030,Betcoin.tm,9000,1
60,315,999990779,1
227,833,1102206,1
71554939,1294,43665355,1
1654888,21068,487009260,1
BitBargain.co.uk,70586775,194966811,1
69513997,368,17259595,2
73152305,811,17583955,1
71816710,401,27489692,2
405610,1309,195771140,1
FaucetBOX.com,289,2907027362,117
NucleusMarket,HelixMixer,4669973662,34
72943763,Bittrex.com,259115700,6
71764613,41417071,2671881291,1
CoinPayments.net,ePay.info_CoinJoinMess,9164455,2
71004534,368,3670635,1
641,ePay.info_CoinJoinMess,36518703,3
Bleutrade.com,Luno.com,24002072,1
71554939,1386,88495938,1
60,8679,154956839,1
Poloniex.com,4395,518083467,1
405610,536,195771140,1
1149,999Dice.com,2200039,2
70796274,71633175,54058224,1
405610,Bit-x.com,195771140,1
483243,Bitstamp.net,14395198096,4
21774,BTC-e.com,15689881,2
1247276,50700,309181000,1
71136941,BTC-e.com,89579616,1
73807082,73493259,2404592055,1
22844,6484665,760720000,1
72943763,417,46450900,1
47137,1747,306113127,3
27914256,Huobi.com,3316459954,2
71319723,1227,4102559,1
2080612,331,5747042,1
69513856,354,6645063,3
74198912,49,15319517,1
69747602,5806528,4475180,1
2624,BTC-e.com,238419257,4
51386,Luno.com,240294042,1
72103894,44918410,43473512,1
SlushPool.com,417,4921778430,1
6048154,BitcoinWallet.com,87528272,1
Loanbase.com,ePay.info_CoinJoinMess,13508310,1
0,3820,30407030,4
53944833,Bittrex.com,3689540000,9
69697250,69173124,5240880000,1
Kano.is,34263,15021017778,6
BX.in.th,Paxful.com,1652319195,5
71554939,829211,87623678,1
50926,52201,600170000,1
Kano.is,MeXBT.com,15021017778,6
71816350,Matbea.com,7508149430,4
FaucetBOX.com,107,351593138,14
1215,860,2519990000,1
Poloniex.com,HaoBTC.com,10424430274,3
864,Poloniex.com,2892056869,6
MoonBit.co.in,12936,3601315,1
2129037,Xapo.com,10254623,1
12067426,LocalBitcoins.com,551476507,4
Xapo.com,48009518,2644488750,1
51484,11002526,29970000,3
4908,143306,343463302,2
52376,51610,119690000,1
73963652,72236416,85196349,1
Xapo.com,3368,7835376053,3
Huobi.com,152,903001562,1
4473692,424,43210845,1
0,Exmo.com,4156462,2
70455427,5537264,179031674,1
72943763,MercadoBitcoin.com.br,193075100,5
73728513,96,2116975,1
1477737,Huobi.com,113905620,1
354,69769,299826681,1
59589,BTCC.com,13082551200,3
45157988,BTC-e.com,40575600,1
51375,41447,300730000,1
72943763,1941,212664800,5
12101,ePay.info_CoinJoinMess,101316586,1
52184976,MaiCoin.com,2138862,1
24774,74042229,241477638,1
0,CoinGaming.io,223106608,17
2506,368,1890000,1
45156954,NitrogenSports.eu,343041406,2
Cryptonator.com,1309,2668914,1
FaucetBOX.com,Bittrex.com,1132186481,57
809,883,1792530940,1
5078214,1144,14990000,1
502796,ePay.info_CoinJoinMess,9041291,2
Poloniex.com,871,547204185,1
CoinGaming.io,7366,503000225,1
69383113,72707795,46715000,1
70063369,860,251605813,1
354,Cubits.com,1774870,1
Kano.is,421,20009052409,8
ePay.info_CoinJoinMess,298,86858306400,1
ePay.info_CoinJoinMess,71475979,86858306400,1
ePay.info_CoinJoinMess,2078,173716612800,2
HaoBTC.com,179,57612891,1
1218,Exmo.com,1624434268,3
BitcoinWallet.com,2981,37978854,1
Rollin.io,3328,3572146,3
72367835,152,34250000,1
2230,Bittrex.com,114820143,2
72314966,73963652,7480991,1
Hashnest.com,73858387,2619542,1
70482207,73806316,62180000,1
405610,BX.in.th,195771140,1
417,872,2912928267,3
864,Bittrex.com,374479703,2
72550775,233,101000000,2
21694949,Xapo.com,4691538,1
Poloniex.com,CoinMotion.com,3128167119,2
1096237,59362441,38837584,1
Xapo.com,1149,2525904712,1
60,768,1999981556,2
71450805,NucleusMarket,4833833783,2
0,49,12100992,2
69565223,398,51678572,3
15434517,860,22883119,1
3368,4102,29602455,1
73048147,70140360,88110558,1
59589,BTCCPool,44405457700,7
71554939,289,341713334,4
15331471,24477212,30912951,1
69746190,52841921,36141497,1
15553180,FortuneJack.com,12940000,3
BX.in.th,HaoBTC.com,5683610818,7
700,CoinTrader.net_LocalBitcoins.com,3674541,1
Xapo.com,1576,15195279853,5
367303,72367954,139967542,1
60,ePay.info_CoinJoinMess,29773405663,11
11128833,CoinPayments.net,56173860,1
73778875,52841921,33675155,1
139,566,22976306945,3
WatchMyBit.com,Bittrex.com,3159492,1
ePay.info_CoinJoinMess,64475,86858306400,1
69723008,4,1496607,1
71188601,71685787,372318862,1
3187,4,375577987,2
21073819,Cubits.com,124300283,2
3113595,Kraken.com,751193618,1
Xapo.com,152,54771754007,18
NucleusMarket,LocalBitcoins.com,5167187448,41
12067426,777,97960000,1
42601,70245105,4988597303,1
Xapo.com,3423,2555812850,1
524180,BTC-e.com,193377902,1
Hashnest.com,Poloniex.com,383358066,9
999Dice.com,4,16020692,2
118992,Igot.com,4103581524,1
354,424,6153734747,4
SlushPool.com,12896,2580317417,1
1228047,101,31778467,1
SatoshiMines.com,21368174,2093645,1
0,351,7368597,9
74252166,Huobi.com,8747446578,1
954,809,99999950000,1
57,HelixMixer,211606892,4
233,BTC-e.com,1502640,1
PocketDice.io,Cex.io,35261785,3
FaucetBOX.com,17280279,11178428,1
72655180,70842,2137295803,1
69769,289,22013248,1
28486,Bittrex.com,424441328,1
70979322,233,11935200,1
72498630,101,715952,1
Bitcoin.de,0,878202999,2
3594434,61,2393403872,28
BTCJam.com,343,17285397,1
351,227,3036000,1
70875348,69591716,498890001,1
9341121,Xapo.com,30168690,2
396,290,8855631026,21
69147875,0,32670869,1
37200188,Coinomat.com,177878891,1
65,28970,1313565,1
942,0,15000000,1
74120870,73832987,538066375,2
451,6640878,1151089,1
72287059,6788854,6739894,1
61,LocalBitcoins.com,3648396999,46
69984672,73884750,94225483,1
10168,Paxful.com,41680000,1
864,11894,5194917469,6
NitrogenSports.eu,SwCPoker.eu,2855836,2
70192364,NucleusMarket,19290000,1
71864890,BX.in.th,1400245692,1
354,48074,542120454,1
777Coin.com,71712123,5975566,1
7398,61,146120000,1
4126,57,187084660,4
YoBit.net,60,1309662,1
2465,0,1211319,1
9207,9749,4049920000,2
FortuneJack.com,0,155769308,15
72629345,12609,53664690,5
0,BTC-e.com,364637079,26
8388,Poloniex.com,9769747701,2
0,162,188458774,1
ePay.info_CoinJoinMess,MercadoBitcoin.com.br,177443110195,43
Kano.is,57,180239060305,72
73728217,70875166,23196821,1
73012179,BTC-e.com,240430000,1
45048181,0,3491405232,12
69225648,0,1546849,1
FaucetBOX.com,Bter.com,47750276,2
73336533,162,3014514068,2
51961,50826,675946995,1
0,417,29827181,1
483243,BitZino.com,4958970000,1
131,BlockTrades.us,2062000,2
0,1575,43585,1
70219964,73832987,9515638,2
MoonBit.co.in,Cex.io,273285700,1
Purse.io,73728626,380401155,3
Luno.com,1228047,53823748510,56
52080,73648988,388030000,1
Huobi.com,70325236,1081312286343,28
Xapo.com,72209815,2791750405,1
ePay.info_CoinJoinMess,CoinHako.com,173933842975,3
55039679,289,9370088,2
1116,60,75637175,1
Huobi.com,368,203493345,8
73126948,999Dice.com,1228566,2
1051338,1747,135138363,5
468,BitoEX.com,1125564672,2
CoinHako.com,ePay.info_CoinJoinMess,5147536731,1
2214,Huobi.com,5868792,1
72498594,YoBit.net,170697,1
74015613,Bitstamp.net,6008200,1
69461667,69302877,21889858,1
71241457,72760322,110548675,1
71790377,Cubits.com,454464000,1
37200188,BitcoinWallet.com,120390693,1
23421989,Peerbet.org,16989828,1
70298355,4,268987846,2
CoinKite.com,421,24056809,1
809,4395,937409991,1
70927626,170,10846000,1
70427973,Bitstamp.net,720294726,1
Poloniex.com,Loanbase.com,8482553869,2
129,CloudBet.com,2599586,2
71553612,61,1913714962,16
189,LocalBitcoins.com,1151366828,1
6652,2643,7074917,1
1506795,Luno.com,873937,1
351,BX.in.th,3014775,1
50411,11002526,14796700,1
1215,290,102819212000,17
Hashnest.com,2496802,3465547,1
0,Cryptopay.me,124853856,25
Xapo.com,71869225,2601832583,1
6252,HolyTransaction.com,4598764,1
1228047,Bittrex.com,1604221200,3
70063191,AlphaBayMarket,7261202,1
487539,LocalBitcoins.com,350376720,1
1477737,57,22083400,1
74121066,BTC-e.com,498780003,2
699798,BTC-e.com,42880000,1
289,4,146156344,2
71345791,368,3887954,1
BX.in.th,472,289003078,2
71816350,1598,25583482674,14
Kano.is,94280,15021017778,6
472,ChBtc.com,30331369077,5
Paxful.com,398,25076612,1
FaucetBOX.com,CoinSpot.com.au,11778943,1
72655180,50880,2337305803,1
74067369,71866515,12144214,1
417,7366,1703530000,1
6048154,52031,357308929,1
269,0,83310531,9
ePay.info_CoinJoinMess,175,8772241811,4
OkLink.com,3980,14971014260,45
71685884,ePay.info_CoinJoinMess,319887,1
227,6764,74685271,1
60997896,30306876,65974663,1
73937600,368,214750020,1
Xapo.com,150330,2631100843,1
Xapo.com,MercadoBitcoin.com.br,209133467102,63
454,7430,142455974128,4
ePay.info_CoinJoinMess,HitBtc.com,174158686072,7
0,292,4400000,1
70245911,70369,300044000,1
40868,51420,399990000,1
152,396,11473279858,46
Poloniex.com,ePay.info_CoinJoinMess,33825284537,13
BX.in.th,BTCC.com,15536517043,48
1228047,7,27270353151,98
5776,27447,2601000279,1
0,70691186,17432797,1
3368,4,522555366,22
Bit-x.com,70927626,17499980000,1
71554939,BTCJam.com,1948822,1
45103799,ePay.info_CoinJoinMess,193998000,1
43851,NucleusMarket,86814246,2
6911159,CoinGaming.io,53081856,4
10168,69383127,41680000,1
57,BTCCPool,77305598,1
45048181,MercadoBitcoin.com.br,1136243808,3
71554939,233,50465293,3
398,LocalBitcoins.com,406333911,3
Bitcoin.de,298,703385034,1
Bitstamp.net,Bittrex.com,5115585886,2
FaucetBOX.com,331,145348017,9
855,Xapo.com,1215997,1
342,398,81526487,1
50605,50411,699990000,1
59589,Bter.com,35659820600,6
Xapo.com,Crypto-Games.net,2557207372,1
SimpleCoin.cz,71972657,187142409,1
1228047,CoinGaming.io,303071866,2
73671207,7,2643592,1
73675787,368,3730497,1
Xapo.com,1022532,2706060810,1
131,995,1655725,1
69696296,368,24200385,1
351,Xapo.com,90025819,16
HolyTransaction.com,Poloniex.com,155264186,3
71816350,Bit-x.com,1628838015,1
1070,896,583168110,2
1316,CoinPayments.net,127224726,1
1294,7369,3002000004,2
ePay.info_CoinJoinMess,74329543,99018074,1
70035539,200,124892624,1
71554987,22583343,348422056,1
Kano.is,92587,15021017778,6
0,OkLink.com,52657210,3
CoinJar.com,7,3164475685,12
1654888,122,421103441,1
69225526,15278773,24167670,1
405610,170,7635074460,39
50823,51031,9990000,1
13286399,Bitcurex.com,359931771,2
139,BitZino.com,1132016210,1
CoinKite.com,16621,19270000,1
69251755,LocalBitcoins.com,17194813,1
70063369,BTC-e.com,173407236,1
129,4908,86964790,2
1228047,1833,41885177,1
CoinKite.com,73258131,12804951,1
ePay.info_CoinJoinMess,2647,4342915320000,50
Xapo.com,VirWoX.com,10735283959,4
70399544,417,2850000,1
71032462,12101,96595088,1
2828253,1747,21920000,1
71293184,BTC-e.com,2326903,1
667745,308045,201960000,1
4126,2237,407215676,8
483243,73490801,305278012,1
BitKonan.com,Poloniex.com,115411253,2
4474579,Poloniex.com,80634495,1
483243,1116,992817357,1
Bitstamp.net,10172,29999984603,1
2512197,BTCCPool,101467134,1
ePay.info_CoinJoinMess,9378758,86858306400,1
Hashnest.com,BTC-e.com,141387638,2
ePay.info_CoinJoinMess,71162324,86858306400,1
7414521,1747,576850000,2
Hashnest.com,69200089,2762587,1
10166,LocalBitcoins.com,199990000,1
FaucetBOX.com,152,372036384,22
Xapo.com,2237,7922009463,3
51767,152,132209095,1
71816350,21696214,2111152216,1
74330402,421,221485401,1
70089217,71423904,178992929,1
72550682,49,19894958,2
354,56264,553593103,1
469,BTC-e.com,30409000,1
1226470,162,170388672,3
71816350,7351,1836105708,1
YoBit.net,233,8908935,2
1054,LocalBitcoins.com,57466088,2
69984672,5325883,157468979,1
71738297,BitAces.me,4850000,1
4338203,73622524,12233557,1
73310094,71450805,1208289730,1
Xapo.com,BTCCPool,87548314505,32
71005795,49,18675393,2
51630,73648988,58440000,1
FaucetBOX.com,189,45976868,2
Xapo.com,641,2633173685,1
PocketDice.io,371,4853461,1
CoinPayments.net,421,1443741323,16
Bitstamp.net,20914,12199442086,1
354,Hashnest.com,756405124,1
Bitstamp.net,2230,289852950697,11
139,NitrogenSports.eu,3641866404,3
2080612,1747,108910000,1
3368,227,124078187,5
66164817,NitrogenSports.eu,6889999,1
CoinPayments.net,4,3317354769,42
Paymium.com,Gatecoin.com,6882950417,1
71397082,73989319,7208808,1
Bitstamp.net,Bitfinex.com,32111898998,4
69984672,74173860,82184983,1
70061108,368,8496094,1
143516,497,41579000,1
1153961,1578,5068711,1
74304372,12925,6954484,1
5325883,74172801,91488364,1
Xapo.com,468,49472929260,5
ePay.info_CoinJoinMess,2696,44469592,1
Genesis-Mining.com,Xapo.com,416672241,2
69906431,7,32697552,6
6048154,0,427753330,4
Bitstamp.net,72733453,325636191,1
ePay.info_CoinJoinMess,2184,1737166128000,20
71032248,1769,799041,1
884,Bittrex.com,269638810,1
ePay.info_CoinJoinMess,69697248,86858306400,1
Purse.io,Paxful.com,18886395,1
YoBit.net,129,114947851,5
71606443,Bitstamp.net,1685198089,1
72707322,ePay.info_CoinJoinMess,34425816,1
72839276,ePay.info_CoinJoinMess,93978032,1
NucleusMarket,BTC-e.com,1687266198,5
1654888,92587,77489386,1
5542047,Poloniex.com,4689029798,7
45048181,Huobi.com,99282936,1
72472364,69486520,4274320,1
Huobi.com,ePay.info_CoinJoinMess,72315274633,21
3709580,Rollin.io,1470463,1
Bitstamp.net,6193,250373643,1
62939720,73988566,214207989,2
Poloniex.com,1022532,8209322911,2
1316,28663,2841239562,6
73989670,69121521,11787777,1
70560050,LocalBitcoins.com,2237400000,3
PocketDice.io,MaiCoin.com,1577797,1
73493271,7,1270561,1
YoBit.net,Xapo.com,129640444,4
FortuneJack.com,777Coin.com,6511870,1
35800,454,466944574,1
SatoshiDice.com,4,4788175,2
NucleusMarket,NitrogenSports.eu,54200000,1
4327041,1210796,23203410000,1
351,331,3004446,1
70586820,72603429,251832696,1
14628432,368,169736917,1
73675744,7,573000,1
71947463,401,26670737,3
BTCJam.com,FortuneJack.com,2583291,1
57,BTC-e.com,7848500,1
71895241,70376669,171138012,1
FaucetBOX.com,421,824974654,44
Xapo.com,Luno.com,209478521126,25
468,61351,6548538,1
32354,19431,13305636,1
70298377,BitcoinWallet.com,51790000,1
118992,2344864,1938455537,1
1228047,BTCJam.com,142393795,1
129,Huobi.com,558408080,7
70115333,96,14810803,1
73728626,5269835,45840171,1
5542047,401,1718274,1
ePay.info_CoinJoinMess,73911137,273309162,2
5814220,1747,5294989,1
74042306,ePay.info_CoinJoinMess,199410527,1
72330263,2230,16366940,1
23512,454,2579713904,2
71005158,5620,12309544,1
0,883,81514187,8
CoinKite.com,Cryptopay.me,1914560,1
1477737,MercadoBitcoin.com.br,393786000,4
175,Bittrex.com,227588846,3
NucleusMarket,43851,42173762,2
179,BTC-e.com,1043044210,2
73336533,Bitstamp.net,4077023049,2
1654888,72917227,180840958,1
19396424,Poloniex.com,989338708,1
72367051,72759535,99990000,1
Xapo.com,2647,2723094063,1
70953245,1575,100910048,1
1226470,1144,91583372,1
50998,50926,258579605,1
Xapo.com,Cex.io,30663227644,11
18831,Bittrex.com,3330000,1
FaucetBOX.com,342,7989308,1
45048181,Bittrex.com,113760436,1
73048147,73989670,105569373,1
69409245,LocalBitcoins.com,6268008,1
70744146,Xapo.com,2138192,1
72943763,Xapo.com,16979484800,425
FaucetBOX.com,ePay.info_CoinJoinMess,1854560676,91
3187,0,9811333,1
4908,BTC-e.com,636799563,4
1226,290,181072582,1
Bit-x.com,Hashnest.com,3110000,1
SlushPool.com,269,4921778430,1
HolyTransaction.com,Cryptopay.me,103259418,2
58102,1022532,7686924,1
CoinGaming.io,73963518,41001210,1
HaoBTC.com,472,18527472,2
469,Poloniex.com,13819000,1
69147875,Bittrex.com,51916262,1
71241457,ePay.info_CoinJoinMess,672990000,1
ePay.info_CoinJoinMess,3423,206094218,1
101,0,99278294,5
72916777,Cubits.com,27450000,1
108975,LocalBitcoins.com,993217107,1
12067426,Xapo.com,77930000,1
Poloniex.com,Cex.io,817526224,1
34171420,LocalBitcoins.com,454649578,1
Bitbond.com,3578,107589086,2
72417263,LocalBitcoins.com,370083309,1
70482207,28555047,51197000,1
73152872,1309,84662820,2
74042229,72103913,150439264,1
5542047,OKCoin.com,5074007699,2
50811,70369,83363100,1
60,745,3296519583,5
Huobi.com,1647,40910462,2
72367940,72602411,41295953,1
3368,233,29602455,1
ePay.info_CoinJoinMess,72577018,528050576,1
70560563,73175361,675903681,1
72943763,Poloniex.com,1672232400,36
2463628,1747,646143136,1
70063369,BTCJam.com,910114559,3
558822,1747,450915499,6
51094,50899,294377179,1
6252,72052093,23522691,1
28243748,4,1641256839,1
ePay.info_CoinJoinMess,61,7828022141,7
23052521,73126935,331900212,2
22399362,Bitstamp.net,3731389858,2
Bitstamp.net,Xapo.com,729015615,2
2904491,641,190019,1
7219,354,2832133,2
69356865,Xapo.com,1939705,1
72209960,CoinKite.com,29687243338,15
Xapo.com,72052093,7630661680,3
1918,0,102384701,2
69382805,7,15651030,1
461416,1747,6237666800,28
47678,LocalBitcoins.com,364996491,3
PocketDice.io,1582,1171726,1
73832933,7,290082567,42
70427973,71424652,194990000,1
72577001,398,23671359,1
61,18918,379717576,9
129,227,1511666,1
PocketDice.io,BitoEX.com,1977470,1
5162,Btc38.com,918040203,1
SlushPool.com,60,2566544829,1
0,8147446,4898751,1
24477212,60,26478000,1
1228047,Poloniex.com,1980015278,6
354,11686,575235256,1
FaucetBOX.com,1294,1744107544,16
72262922,71868883,141408670,1
1307158,LocalBitcoins.com,687893764,2
71475304,2624,44556637,1
3583642,398,35068516,4
226903,7,38118347,1
CoinPayments.net,1566,49888640,1
2067,290,2499988750,1
122,Poloniex.com,18132343154,4
52468,53150,200090000,1
Bitcoin.de,1769,2879849990,1
271437,Cryptonator.com,2063756,1
2173760,73937356,84886852,1
20761,0,5526411,1
405610,421,978855700,5
FaucetBOX.com,227,805283742,30
122763,Hashnest.com,4765045,1
Rollin.io,FortuneJack.com,1165828,1
BTCJam.com,Bitstamp.net,51069039,1
73334677,1218,2498228,1
1228047,386,1583068584,3
72078429,71685895,9210478,1
CoinPayments.net,BX.in.th,195439785,6
69984672,72472364,446637911,1
60,139,999990776,1
Paxful.com,CoinApult.com,36687320,1
69278199,72524868,1018816124,4
3262227,69879571,26031730,2
FaucetBOX.com,52687183,9626147,1
Crypto-Games.net,566,2000610,1
21989982,4758,13721011,2
71554939,2461,91797325,1
SatoshiDice.com,2799,13045493,1
73702180,368,11867469,2
70744026,566,55693511,7
74200200,73124543,2138557164,1
73911137,999Dice.com,274968,4
61,411,10076000,1
1769,Poloniex.com,58731022,2
ePay.info_CoinJoinMess,69409251,5025818,1
999Dice.com,Betcoin.tm,14803,1
ePay.info_CoinJoinMess,70612133,255464388,1
70403933,354,3522030,1
11648379,37904064,31965876,1
MoonBit.co.in,2961236,205102550,2
HolyTransaction.com,999Dice.com,16258552,3
51746736,Luno.com,1739918172,11
45048181,70141053,124785436,1
74252329,ePay.info_CoinJoinMess,69980000,2
16247858,777,10560000,2
70325093,74303170,11994801,1
68652411,368,8869957,1
Poloniex.com,YoBit.net,34356918599,21
70612565,4758,1950225,1
1575,0,6935468,2
ePay.info_CoinJoinMess,CoinSpot.com.au,41921587,1
PocketDice.io,1576,1688868,1
361,MercadoBitcoin.com.br,31179565,1
227,96,25043328,2
56138,454,2042040640,1
59589,472,114892891500,6
FaucetBOX.com,72209852,129268472,1
FaucetBOX.com,Vircurex.com,17615455,2
72839276,70219964,28607623,1
0,AnoniBet.com,3887668,1
73306995,7,57800000,8
65947189,368,12802491,2
0,CoinTrader.net_LocalBitcoins.com,522411382,5
72884815,162,4710730,1
FaucetBOX.com,Poloniex.com,314955238,17
3368,315,29602455,1
2579901,NitrogenSports.eu,115081315,2
Xapo.com,1386,12948751005,5
365071,70560563,29999786607,1
BitcoinWeBank.com,1144,75533823,1
72891504,Bittrex.com,29663968,2
3213628,FaucetBOX.com,4970000,1
Poloniex.com,122,4192340049,2
70063369,Loanbase.com,178816797,1
354,ePay.info_CoinJoinMess,3460997876,3
72943763,Cryptonator.com,293248400,8
Bitstamp.net,72577160,970033566,2
0,CoinHako.com,6576800,1
769077,Poloniex.com,49987904,1
20718,CoinGaming.io,109994959,1
Xapo.com,108,2655709267,1
50925,69591713,9990000,1
1567,MercadoBitcoin.com.br,949393,1
FaucetBOX.com,Matbea.com,223386840,5
72262922,70664519,88532426,1
Poloniex.com,4,1515032806,1
ePay.info_CoinJoinMess,Cryptopay.me,176251417,1
129,Bitstamp.net,183049079,1
73937528,67933107,17053160,2
1144,7369,3000000000,2
72078429,73126935,38963279,1
HolyTransaction.com,Exmo.com,1236037,1
6252,BitoEX.com,47045382,2
8194,421,494260000,1
1228047,ePay.info_CoinJoinMess,3416983149,10
71121318,2230,12002698,1
60,6335,5246483434,8
FortuneJack.com,CloudBet.com,1682344,1
1654888,421,1671588397,4
735,ePay.info_CoinJoinMess,1615189,1
0,2683,30923030,1
74252154,73493110,1130000,1
10727819,1103,157778344,1
405610,MercadoBitcoin.com.br,3328109380,17
51376,51766,599990000,1
50023,Xapo.com,13100000,1
912,2160,288322131,24
71816350,468,2040700343,1
50811,51945,454503100,1
71241457,64238187,338690000,1
73100773,7,36990000,1
71814798,70848869,70485323,1
70953245,NitrogenSports.eu,100393393,1
FaucetBOX.com,643532,129268472,1
71842975,69250922,24782310,1
72944024,1652,350040000,1
954,605,18999950000,1
BX.in.th,42514696,199976000,1
28243748,4673,1666345039,1
ePay.info_CoinJoinMess,69905221,3320029322,1
118992,689751,4103581524,1
YoBit.net,999Dice.com,26628213,1
72472426,368,44143592,4
MercadoBitcoin.com.br,9749,10001000003,7
269,72288535,9857944,1
9749,LocalBitcoins.com,2059980000,1
14368240,1585,2060827782,1
Xapo.com,101,10081914353,4
Kano.is,40189,15021017778,6
Exchanging.ir,70218529,99232024,2
809,1539,2145957189,1
52642,Luno.com,130693474,1
50826,41447,313036820,1
809,CoinPayments.net,33249199862,17
1654888,70586469,571673428,2
10907873,9639228,5670310000,1
70482207,72996114,120680000,1
70822757,LocalBitcoins.com,122767093,1
102885,SecondsTrade.com,131148095,6
51809,51903,61645179,1
PocketDice.io,Bittrex.com,8961188,5
405610,122,195771140,1
72839110,421,16252858,1
11851,BitoEX.com,11000080,1
30954,454,948553548,2
ePay.info_CoinJoinMess,2803,28641568,1
14187714,FaucetBOX.com,198420000,1
1872,0,106452937261,15
7779201,72078282,138590000,1
60,Coinmate.io,999990779,1
354,70638485,542120454,1
71607474,1747,12105338,1
326403,73884827,72056878,1
72759535,67933107,2669010,1
Xapo.com,65,5214755676,2
Poloniex.com,326031,1022534133,1
73597842,860,28780000,2
354,85197,1028035604,1
71999760,200,1713977,1
70560563,70087203,1514837496,1
1769,NitrogenSports.eu,14980000,1
70350013,7,5056173,1
Bleutrade.com,411,17501582,1
74251985,0,180487687,2
0,72052118,11069189,1
1103,CoinApult.com,5416661299,40
405610,999Dice.com,1174626840,6
0,1506795,5793055,1
Exchanging.ir,PocketDice.io,2480114676,6
405610,1576,195771140,1
71738276,73780654,55228977,1
292,Rollin.io,1250005,1
18341099,ePay.info_CoinJoinMess,21417417,1
4126,170,55493352,1
69591799,Cryptonator.com,1304543,1
662,149308,28991188,1
3190152,19431,40847063,1
Poloniex.com,3545079,655235524,1
Huobi.com,2647,363816179,7
70245504,52841921,25314062,2
9749,CoinKite.com,1999980000,1
1228047,50880,259365396,1
Cryptonator.com,1769,1020116,1
SlushPool.com,34263,2580317417,1
FaucetBOX.com,999Dice.com,1465035674,137
855,4,2275999,2
37200188,73230439,278430883,3
ePay.info_CoinJoinMess,43366,86858306400,1
NitrogenSports.eu,Hashnest.com,32729354,1
0,9767926,7382744,1
ePay.info_CoinJoinMess,17651984,86858306400,1
Kano.is,Exmo.com,15021017778,6
Paxful.com,BTC-e.com,138799867,5
SimpleCoin.cz,Poloniex.com,135387055,1
73464055,7,15376670,9
70665113,Cubits.com,146423895,1
405610,891,391542280,2
FortuneJack.com,YoBit.net,1990000,1
43432,269,180000,1
Poloniex.com,NitrogenSports.eu,18269467216,6
74278522,73807018,242610897,2
454,47146,111562056199,2
4338203,74250816,52030962,1
71659840,72653601,12645594,1
74015103,52841921,62414994,2
4908,269,493274634,3
833,999Dice.com,18284681,1
72707644,1022532,100156507,1
FaucetBOX.com,Paymium.com,22036889,1
24427450,101,6895995,1
409499,ChBtc.com,119511322,1
45048181,4,1425944680,5
18981,MercadoBitcoin.com.br,1082079,1
51293,Xapo.com,261781021,1
72498630,CloudBet.com,10072863,2
71895397,Luno.com,58918267,1
70534041,70351001,479671242,1
Cryptonator.com,129,3614022,1
70979675,71659109,2915106,1
BitBargain.co.uk,HelixMixer,1104717267,2
NucleusMarket,MercadoBitcoin.com.br,234460000,1
Bitstamp.net,73868651,1406136068,3
1654888,37,437189623,1
93141,Gatecoin.com,2319139840,1
31707,1539,92600589,1
Bitstamp.net,72972543,1187070476,4
5342,43431,1968714,1
74200055,368,21693087,2
73989670,73493314,5027363,1
60,131539,999990778,1
605,BtcTrade.com,215397062,1
Bter.com,2647,599970000,2
CoinKite.com,170,15800,1
367303,70717853,124827447,2
0,2781097,29609282,1
SlushPool.com,HolyTransaction.com,5067639526,2
60,35269463,1999983091,1
64693217,4266,1050266837,1
2403,ePay.info_CoinJoinMess,2331657,1
NitrogenSports.eu,CloudBet.com,191539143,13
50177,Luno.com,87220000,1
71189185,Xapo.com,2632602,1
Xapo.com,BTCJam.com,12942095925,4
60,60504181,16107253640,2
354,29976439,756405124,1
ePay.info_CoinJoinMess,Crypto-Games.net,1816968,1
30220575,73963652,7258783,1
69173825,70244222,11291332,1
ePay.info_CoinJoinMess,Bitstamp.net,697926442742,10
72130745,69278064,59164721,1
4338203,73231339,26521318,2
72157162,1747,6590439,1
3368,0,2494782239,113
1769,Xapo.com,9977576,1
51630,72707471,103560000,1
5380598,69670996,18088305,1
70875254,Paxful.com,54237667,6
71110919,Poloniex.com,101970000,1
467273,Coinomat.com,144000000,1
4758,BTC-e.com,249381391,17
41176,51406,14157179,1
71580357,LocalBitcoins.com,22320000,1
1918,4,617073,1
315,Poloniex.com,8388895499,1
354,Bitstamp.net,5227170786,10
69984672,70586820,163161969,1
365071,72865207,29999786607,1
354,170,1627688966,3
1171741,354,23306453,1
1581761,SatoshiMines.com,4351733,1
5553070,7298549,29657819,1
Xapo.com,CoinTrader.net_LocalBitcoins.com,16026733757,6
1502006,331,4500000,1
Poloniex.com,821,9203088825,3
189,BTC-e.com,55231742,1
42822,Cryptopay.me,3205216,1
3368,71790150,13121309,1
4126,CoinKite.com,230853435,5
72367940,73153283,96642764,1
17427381,72104691,3150210,1
999Dice.com,MercadoBitcoin.com.br,7515169,2
351,4,23061410,4
43569,BTC-e.com,91433089,1
64915121,0,162274344,1
51292,50411,99990000,1
71398064,7,31420000,5
35267759,70927603,163161540,1
405610,BitcoinWallet.com,195771140,1
51351,51420,99990000,1
1654888,72130679,499950000,1
ePay.info_CoinJoinMess,641,2102828,1
72943763,735,26861200,1
118992,67001,2536551087,1
483243,315,2988513811,4
Exchanging.ir,70219815,52974024,2
72025036,Bter.com,304716999,1
354,266868,428100294,1
398,4,5990793,2
289,CoinKite.com,70940000,1
73884717,69145419,7617225,1
629,Xapo.com,2570293,2
18203512,354,69339094,5
Xapo.com,891,7801709571,3
FaucetBOX.com,73754556,25713387,1
51630,50556,331990000,1
1228047,Huobi.com,3689994272,11
417,ePay.info_CoinJoinMess,22399361788,15
6048154,Betcoin.tm,362656381,6
60,Bleutrade.com,999990777,1
70586820,72472364,101741088,1
28243748,70875254,10293594795,5
45048181,Bitcoin.de,835768808,3
0,BX.in.th,72280,1
16768780,69539997,311525932,1
1252,Huobi.com,3054806,1
FaucetBOX.com,40774,129268472,1
NitrogenSports.eu,Cubits.com,4028721,1
72078429,70978452,25988093,1
73074741,22823356,16096532,1
BX.in.th,CoinKite.com,137723036,2
4908,354,535780564,5
12527,833,1630000,1
999Dice.com,73466005,544807,1
FaucetBOX.com,Luno.com,81312129,6
689751,1747,284808676,17
1732014,LocalBitcoins.com,1200000,1
72472364,74199605,7165412,1
70376669,69801586,31742379,1
50998,11002526,899990000,1
FaucetBOX.com,LocalBitcoins.com,25713387,1
ePay.info_CoinJoinMess,Rollin.io,231155181,5
71973585,368,20080000,1
3368,3179,29602455,1
454,16369,149862746209,4
SlushPool.com,CoinTrader.net_LocalBitcoins.com,12635185505,4
35046709,CloudBet.com,34470589,2
73387706,70296524,38716213,1
NucleusMarket,70638358,141541413,1
PocketDice.io,386,2154243,1
1477737,Poloniex.com,38390000,1
354,47678,553593103,1
69173950,2647,11002400,1
16971,ePay.info_CoinJoinMess,99498387,15
Poloniex.com,107,9794366305,4
64740,1309,54964872,1
70377588,72943862,23271092,3
954,Bitstamp.net,1772810481,1
71816350,Cryptonator.com,22870322731,13
YoBit.net,683737,16888921,1
71816350,1469,14641529649,8
YoBit.net,Hashnest.com,4376607,1
69827719,71659227,396965657,1
50382,Luno.com,299990000,1
ePay.info_CoinJoinMess,69958618,86858306400,1
1050369,CloudBet.com,11457804,1
271437,CoinKite.com,16293791,1
70848869,CoinKite.com,83150000,7
Bitstamp.net,Bitcoin.de,1522900092,1
50998,69591713,899598042,1
69338,Luno.com,817950476,1
118992,6485649,6631542242,1
2403,FortuneJack.com,2000506,1
PocketDice.io,Bitcoin.de,5970000,1
70141427,368,1411250,1
483243,4,27194231890,10
1506795,6919,5944974,1
52184976,Hashnest.com,3436107,1
BX.in.th,2476667,199972000,1
70875148,69513228,15536270,1
Poloniex.com,1576,8688426283,1
70140360,49,8201460,1
FortuneJack.com,MercadoBitcoin.com.br,6695015,5
1654888,0,7984693171,23
26701074,0,5404620,1
1252,Paxful.com,12021466,1
45048181,71189185,115270436,1
1228047,BTCC.com,1551318828,7
69697250,Poloniex.com,30196905610,3
Loanbase.com,Hashnest.com,1026740,1
ePay.info_CoinJoinMess,21441,173716612800,2
Huobi.com,HaoBTC.com,752122118,33
70427437,64915121,392925045,1
1316,883,1293840673,2
483499,ePay.info_CoinJoinMess,769485720,1
ePay.info_CoinJoinMess,Matbea.com,405997362,2
1838853,1747,252950000,1
Kano.is,4398943,30042035556,12
FaucetBOX.com,69251969,22036889,1
3610679,1747,77766355,3
71450805,60,346707442,1
1155367,451,2902202,1
1228047,70875110,163088986,1
70062629,70638958,113929641,1
69330819,BTC-e.com,3122963700,1
73702037,73702028,26631124,1
7319,Xapo.com,1185712,1
326403,ePay.info_CoinJoinMess,110088214,1
52561,Luno.com,1476090000,1
LuckyB.it,71738297,283387635,64
1050369,BTC-e.com,15798480,1
73544476,69406736,4859484,1
Bter.com,2237,4027235,1
52484,52610,1520884417,1
71816350,6075,1452200616,1
70534041,71240589,338303915,1
69801586,71868249,105769327,2
Crypto-Games.net,Bittrex.com,1198558,1
72446493,71502876,8527850,1
70796631,73545273,1035147717,1
52184976,BTC-e.com,5026754,1
Huobi.com,BTC-e.com,11608398312,7
809,OkLink.com,6366479520,4
74015866,70193076,554458300,1
5155233,Kraken.com,269497857,1
72279715,2230,396694479,2
39221901,70325162,11843013,1
4395,96,36970000,1
BX.in.th,OKCoin.com,199974000,1
Cryptonator.com,170,3113308,2
Poloniex.com,NucleusMarket,11418350700,5
70560560,7,906878341,2
71918230,57,9341410,1
566,NitrogenSports.eu,78391330,2
16744777,368,24894968,1
33485620,FortuneJack.com,17670000,4
8388,Bittrex.com,5159875963,1
2403,999Dice.com,3288617,3
70612133,73153219,250778720,1
44609,LocalBitcoins.com,7203858,1
Huobi.com,Bter.com,344784809,2
454,35707,140657701551,4
3370,NucleusMarket,167170000,3
BitBargain.co.uk,429033,199900000,1
71213219,Huobi.com,213208307,3
FaucetBOX.com,70822405,129268472,1
1228047,2237,165104922,1
3368,Xapo.com,6651420586,321
175,Hashnest.com,293239677,1
10808374,70271780,48712178,1
70245912,52841921,3428045,1
833,BTC-e.com,696020198,2
ePay.info_CoinJoinMess,70874933,86858306400,1
23052521,70244853,187993106,1
71738297,LuckyB.it,413465000,64
405610,70770437,195771140,1
Rollin.io,44139,109240106,6
52214,69591713,299990000,1
BX.in.th,331,91599512,1
26259724,3607306,23180019,1
44132,Bitcurex.com,29245504,1
50811,Luno.com,694413100,1
FaucetBOX.com,3077,9353645,1
315,70665113,25999911670,2
354,146276,542120454,1
69692690,Bleutrade.com,2114604,1
354,1391,1298525578,2
954,883,99999950000,1
Bitstamp.net,Paxful.com,299987834,1
CoinPayments.net,0,7374930408,35
29209397,9312405,226990000,1
405610,1252,195771140,1
FaucetBOX.com,315,96442940,2
71996727,368,133550791,1
70820811,73832987,24283853,1
354,315,1409793691,3
69121354,1576,161746500,1
405610,Bittrex.com,3915422800,20
5110331,ePay.info_CoinJoinMess,557295,1
Bitstamp.net,60,129990470,1
18877257,860,143806352,1
16459270,96,29029049,2
ePay.info_CoinJoinMess,401,31404761,1
73175361,72994752,251330000,1
FaucetBOX.com,417,129268472,1
456,LocalBitcoins.com,1124003411,2
4126,BTC-e.com,480920348,10
FortuneJack.com,662,1541450,1
5330317,4,1206112,1
41082,72707471,1002088600,1
58474589,73074354,78432649,1
227,233,16568011,6
69381804,LocalBitcoins.com,110379011,1
73336533,4,5753358450,3
72315523,61,8904131,1
Xapo.com,CoinJar.com,2697643377,1
MoonBit.co.in,2725807,299247303,2
71685897,368,1308464,1
26590,833,71000063,1
3575160,Rollin.io,52509611,1
Xapo.com,2238,14170748450,4
61,1598,19901854,2
1598311,1747,1464642634,5
233,227,1083724,1
73649728,2403,1383792,1
0,35,714161,2
37466172,61,202919278,2
2512197,BtcTrade.com,215035653,2
18981,315,1364850,1
70193201,999Dice.com,1530,1
1215,HaoBTC.com,149573386884,6
70062863,368,6987595,1
74226354,73807082,1518756,1
ePay.info_CoinJoinMess,348,160035279,2
354,Bittrex.com,13318413835,25
122,Bitbond.com,13622723,1
Xapo.com,3957,2518556907,1
YoBit.net,Bittrex.com,956605983,8
Huobi.com,60,1025761146,1
Bleutrade.com,6652,1709552,1
69278199,233,2152215938,7
0,107,181264131,3
1098,NucleusMarket,10711185,1
315,BTC-e.com,197005033,1
405610,107,195771140,1
NitrogenSports.eu,421,3270029,2
629,LocalBitcoins.com,11197616,1
Bitstamp.net,SimpleCoin.cz,1390727010,1
405610,Xapo.com,67932585580,347
70586820,74303170,222633266,1
25695512,0,48431422,1
69409522,69984672,30820572,1
NucleusMarket,CoinGaming.io,111788796,3
CoinKite.com,Cryptonator.com,5159157,1
1215,424,5039894500,2
73126935,52841921,12945221,2
73937539,421,685207,1
70534041,72839150,277831313,1
72209852,Cryptonator.com,270000,1
14294684,71110663,250296179,1
71947256,CoinTrader.net_LocalBitcoins.com,100103100,1
60,28486,999990776,1
1226470,Xapo.com,216616116,3
73728626,69696572,45535529,1
64475407,CoinKite.com,33402038,1
1654888,MercadoBitcoin.com.br,621056981,3
61,3594434,90020002,1
ePay.info_CoinJoinMess,1226470,6717330099,1
2450513,1747,126047442,3
71816350,942,1255327209,1
60,2640,5572883378,7
72418235,69173889,232832549,1
MeXBT.com,891,6280000,1
Poloniex.com,72628215,108865998,1
1654888,7219,60017765,1
70244853,10789,3637683,1
73441091,51418,3131216400,1
44388409,69722373,41200353,1
Xapo.com,69618207,3123957188,1
354,LocalBitcoins.com,428100294,1
898,71555056,208161700,1
BTCJam.com,CoinKite.com,1029079,1
1654888,70455434,449629759,1
155898,LocalBitcoins.com,32999990000,1
FaucetBOX.com,74226233,48221470,1
ePay.info_CoinJoinMess,BitcoinWallet.com,87386693899,6
Huobi.com,YoBit.net,118060000,2
1228047,152,807948241,2
396,SatoshiMines.com,1882172821,2
ePay.info_CoinJoinMess,87324,86858306400,1
999Dice.com,SwCPoker.eu,4457815,1
73310278,49,19375029,1
71816350,1769,1709451184,1
289,ePay.info_CoinJoinMess,409625233,6
12288362,368,2453553,1
CoinGaming.io,417,62010505,2
405610,16621,587313420,3
74303908,FortuneJack.com,390000,1
FaucetBOX.com,833,33041830,2
60,Bitstamp.net,3976593893,2
405610,71921521,195771140,1
4730886,73179451,2389760000,1
59589,HaoBTC.com,10486436600,1
60,CoinGaming.io,1999981556,2
69409251,69382424,24000756,1
31761,424,530570394,1
2230,69564092,68965494,1
CoinKite.com,CoinTrader.net_LocalBitcoins.com,5182974,1
73335848,368,8108803,1
4355,LocalBitcoins.com,111160000,2
16311400,18459488,28479000,2
CoinPayments.net,64257710,20052909,1
Bitstamp.net,74147394,2426634528,3
468,MaiCoin.com,68718359,2
71816350,1294,6188083784,4
72262770,CloudBet.com,2441936,1
FortuneJack.com,LocalBitcoins.com,74423139,15
Kano.is,523,10032983147,4
70089222,61,1367925319,7
Kano.is,BTCC.com,15021017778,6
64915121,NitrogenSports.eu,70969999,1
1654888,5941,2300698704,8
Huobi.com,Btc38.com,31352795,2
Cryptonator.com,289,1509071,1
348,0,4179535,1
40527898,70769688,460563763,1
1228047,CoinHako.com,399321246,1
ePay.info_CoinJoinMess,37810,86858306400,1
33953109,74200055,23999600,1
5325883,69461667,255052708,1
YoBit.net,4,49980000,1
61,11906,64450098,2
64475407,368,73941573,3
74042229,70691692,72250734,1
0,1567,6000,1
41082,52610,1012998600,1
71816350,BTC-e.com,3521468529,2
ePay.info_CoinJoinMess,72262586,107908134,1
0,VirWoX.com,72031,3
4126,72157125,53263045,1
Bitstamp.net,CoinGaming.io,132903841,1
