Source,Target,value,nb_transactions
73937585,233,228024528,3
35046709,BTC-e.com,22543560,1
39,371,788892990,1
131,Xapo.com,7696600,1
73884726,Cubits.com,20790092,2
33117,BTC-e.com,25315987734,18
3748245,4,13559771,1
Bitstamp.net,31155,42394707914,3
598,Poloniex.com,36125967,2
87610,108,210061104,2
39,388,3999865579,1
7645,Cryptopay.me,842658678,1
152121,BitcoinWallet.com,21843175,1
776,497,27080918,1
0,348,17936925,7
139,29,15592295138,6
33117,Kraken.com,2812887526,2
94,Poloniex.com,5625699846,13
0,73858713,855091,1
217,Luno.com,79962797,1
39,51,437834138,2
1622,331,19931436,2
1316,62,99136074,1
ePay.info_CoinJoinMess,Hashnest.com,145961885741,7
74304268,1432,2862130785,1
7645,OKCoin.com,842658678,1
70246061,286,2038436,1
37,2027,7498450,1
Xapo.com,234,290273850,6
27140713,1805,652327902,1
72734063,Xapo.com,2397100,1
354,72865479,1114639900,1
1622,883,207907083,1
0,Cryptonator.com,12611364,14
94,YoBit.net,400851983,2
163,4395,91000185,1
27140713,860,55499524,1
354,386,887950910,1
776,129,15910009,1
2558028,158,44971233,1
354,235176,1191218101,1
Poloniex.com,44862,177977956231,1
70037420,20,99312977,2
Poloniex.com,217,3766671956164,21
21513315,OKCoin.com,13089976,1
233,46590,2000015,1
71397456,0,1858200,1
0,35,13839360,6
BX.in.th,3473,157738,1
37,ePay.info_CoinJoinMess,625946177,5
1228047,1306,231475549,1
ePay.info_CoinJoinMess,108,178142577,1
64740,4,29576827,1
MoonBit.co.in,BitBay.net,5761809216,23
64740,LocalBitcoins.com,29576827,1
72524442,Poloniex.com,4690840,1
14,283,63221710,1
73467037,29,20482497,2
354,289,144705360870,162
396,ePay.info_CoinJoinMess,1473973145,10
74304268,HitBtc.com,32584354363,6
387,276,23501044,2
37,163,361247729,2
74304268,821,7689363726,1
848667,Poloniex.com,6717074795,14
39,50205482,1365695395,1
354,2184,1165764014,1
70060778,491,11953673,1
801,152,35991274,3
219,391,14739263253,1
69537350,11450149,1017564230,1
Bitbond.com,ePay.info_CoinJoinMess,120593795,1
163,63778,9099654,1
131,20,842150772,1
387,HaoBTC.com,4699966477,1
5714831,29,96396552695,1
1901,284,8311916,3
22247841,HelixMixer,34082880,1
SatoshiMines.com,71345482,21419506,1
131,Poloniex.com,7849377751,18
1654888,71341415,454003275,1
234,Cryptopay.me,5570315,1
2373263,860,18308904,1
2218,1182,11211187,1
70976754,Xapo.com,10796984,1
139,45539,29305940786,17
CoinGaming.io,Bittrex.com,95207357,2
2218,227,50159647,5
14,29,32385657970,83
20,6597,458896210,1
22353081,BTC-e.com,188273620,3
4833806,158,131030848,2
ePay.info_CoinJoinMess,417,83406791852,4
219,29,5868914267,4
5162,Huobi.com,1673484564167,41
354,BlockTrades.us,1065172618,1
676010,982695,10864020,1
105520,860,337227597,2
74304487,69302877,15828406,1
26220,860,105072828,1
107,29,266788440,33
ePay.info_CoinJoinMess,37810,20851697963,1
233,1149,1051602,1
111680,BTC-e.com,299272888,1
848667,Xapo.com,12640826954,33
14,Bit-x.com,1494517393,4
Xapo.com,131,7915603,2
Bit-x.com,4,2466894,1
14,Hashnest.com,391721458,2
YoBit.net,999Dice.com,10940116,4
4,1575,5965277,1
20,71214976,962926125,1
71032063,61,5578484316,97
662,YABTCL.com,10875487,1
1070,29,43687096,3
20,163,41531967490,42
217,29,73150868,2
ePay.info_CoinJoinMess,BTCC.com,1000881502224,48
MoonBit.co.in,Poloniex.com,13760399158,58
SlushPool.com,ePay.info_CoinJoinMess,2810820621,2
1654888,29,1932677111,3
0,HelixMixer,347670816,14
0,Bitstamp.net,176118489,11
74304268,BitBay.net,21591602186,10
21441,860,345791340,1
129,MercadoBitcoin.com.br,5491706,1
39,916,3679703621,3
Poloniex.com,269,1437984340797,9
70376786,860,13352081,1
2230,Bittrex.com,307761864,4
7345,BTC-e.com,309664292,1
131,4,999955600,1
6300,CoinTrader.net_LocalBitcoins.com,414227400,3
74304268,1622,6846597570,3
ePay.info_CoinJoinMess,833,41703395926,2
14,Bittrex.com,3500357679,27
0,86773,8340382,1
14,331,59379903880,173
ePay.info_CoinJoinMess,Bter.com,1897633227946,92
MoonBit.co.in,289,15362898990,64
71241457,71605964,41858880,1
Cryptonator.com,Poloniex.com,80346223,7
74304268,9444,10550964865,4
37,YoBit.net,204809173,1
70796633,0,15430,1
70664586,71738111,26128506,1
BX.in.th,189,79932818,1
37,283,555304654,1
4661129,107,36281,1
189,Cubits.com,1934706,1
5291,29,221344791,2
163,FortuneJack.com,12622762,2
Cryptonator.com,801,1040434,2
107,Cubits.com,7643085,3
74304268,276,6292657248,2
354,72524442,998427788,1
69591362,29,25443391,1
69513279,5026,53924103,1
126,Luno.com,34076746,1
833,158,233900119,5
Poloniex.com,18553978,1087487681931,5
MoonBit.co.in,3088766,262031582,1
1612,391,8260094845,1
64740,Bittrex.com,29576827,1
60,2640,1108875,1
1654888,189,577776193,1
57,267,8851391,1
Poloniex.com,4689,148876754682,2
73022114,ePay.info_CoinJoinMess,4187880,1
14,Rollin.io,402928064,1
Poloniex.com,3348,456754313267,3
14,122,27895602642,68
73231837,96,7148586,1
73231720,4,1744905015,16
69591362,163,26947414,1
354,MercadoBitcoin.com.br,13276958533,15
SlushPool.com,Xapo.com,75775763861,47
SatoshiMines.com,2374316,3098848,1
0,340,17032694,4
1228047,811,185331969,1
4,801,10723585,1
33117,0,521748557506,371
289,Xapo.com,84106225,2
117,152,5605997,1
33117,60,14064437630,10
217,Poloniex.com,1738476362,17
354,131,6908251879,7
14,484,2360622301,1
Poloniex.com,91,2795316043941,16
PocketDice.io,MercadoBitcoin.com.br,1048285,1
695,72209867,5745154,1
5026,158,93259184,2
2218,14,59896762,6
35,4689,21025402,1
848667,999Dice.com,436202260,2
87610,29,44283006448,13
74042229,44,88884388,1
ePay.info_CoinJoinMess,BtcTrade.com,2752424131116,132
65,FortuneJack.com,5938341,1
6320370,5026,33006634,1
72498472,811,8360312,1
PocketDice.io,170,2172382,1
ePay.info_CoinJoinMess,234,449857006,3
ePay.info_CoinJoinMess,MaiCoin.com,143001116,1
65745,BTC-e.com,167479254,2
5026,233,126989950,3
117,Luno.com,1536165,4
1654888,129,134919888,1
354,74015893,1114639900,1
5540,29,299950000,1
14,MaiCoin.com,554977474,3
94,ePay.info_CoinJoinMess,403425393,6
Xapo.com,57,200325006,2
354,7683210,800199791,1
74304268,102,9939663780,4
73963652,0,5335603,1
Poloniex.com,2387,16569726625,2
22353081,29,39045099,1
70063369,860,579747299,1
71624909,883,333475852,1
73701721,69984672,1205949,1
Poloniex.com,71476712,175744080337,2
SatoshiMines.com,MaiCoin.com,2391526,1
354,774,664215081,1
1654888,96085,476668030,1
BX.in.th,544,319317297,1
0,1149,3207096,1
71998455,44,595406,1
37,2143,3956285,1
117,883,298184,1
BX.in.th,999Dice.com,399600221,5
71554939,298,12954818,1
20,72786585,199839532,1
Poloniex.com,170,1118831419469,7
154,BTC-e.com,116439892,3
YoBit.net,340,41264269,4
FoxBit.com.br,219,45551532869,1
354,61,979185208,1
72445697,0,10358025,10
87610,732,921716,1
74304268,9,3722770209,1
Poloniex.com,58809,122467683286,1
15271467,860,41702881,1
776,157,20587232,1
69775652,44,9406754,1
71606262,275,804520,1
ePay.info_CoinJoinMess,152,85098575224,16
CoinSpot.com.au,163,2062257,1
371,87610,584943995791,31
28033,Xapo.com,2250881675,1
YABTCL.com,BitcoinWallet.com,940793634,1
17641425,883,159774520,1
0,883,7805230,4
72943763,37,244922664,1
129,YoBit.net,70394186,4
2218,421,19474230,2
60,3348,3517669101,1
39,6271,9533886136,2
1228047,163,919380192,1
Bter.com,419,56412680,2
802673,107,2726245,1
776,700,42285860,2
6274,2468655,44809408,1
MoonBit.co.in,0,418515895933,1688
PocketDice.io,Rollin.io,1356488,1
1182,61,6929510,1
391,0,5534286,3
Bleutrade.com,Xapo.com,7599945,2
73153048,96,1066800,1
0,2465,205293,1
71032063,3732,193153137,4
53061831,Cryptonator.com,6547465,1
35,Bittrex.com,411721779,10
70403432,Bittrex.com,724426380,1
ePay.info_CoinJoinMess,1575,20851697963,1
20,Bittrex.com,56473776,1
354,VirWoX.com,956872495,1
14,0,287050663394,730
1575,Poloniex.com,1001176204,2
37078943,44,1251847,1
491,SpectroCoin.com,63809760820,242
YoBit.net,354,24931523,6
65372,2811,6701700,1
129,Poloniex.com,458238178,18
73675734,44,2920884,2
Xapo.com,497,338894026,6
Bitstamp.net,898,581282403,1
1798,Cryptonator.com,2503991,1
72367787,44,1418347,1
74304268,275,24514648737,8
340,91,1177005802,3
54955,29,72858800,1
1654888,13278575,250959502,1
SlushPool.com,94,15791887007,11
Cryptonator.com,32567,2000020,1
354,Bitbond.com,712962382,1
73780317,ePay.info_CoinJoinMess,8312320,1
20,4033,108936535,1
MoonBit.co.in,16611459,136673592,1
Poloniex.com,36350,637695674203,4
74252166,1566,25916408224,2
107,371,550000,1
129,421,11333392,2
Poloniex.com,164,11928561655,1
Bitstamp.net,39,4001311910,6
MoonBit.co.in,2683,273347184,2
94,FortuneJack.com,898785451,2
CoinJar.com,4,34736656,1
107,39,7950000,1
276,Bitstamp.net,5256771079,4
YoBit.net,29378,9029635,1
Xapo.com,62,402897081,7
13220,14,20234272,1
20902,20,5259838590,3
396,1622,2533424710,8
0,776,6627120,3
227,ePay.info_CoinJoinMess,7393769,5
53061831,158,13224602,2
163,417,22503974,2
801,Cryptonator.com,43014950,1
884,Bittrex.com,1837694,1
74304268,170,3155770363,1
73231273,Bittrex.com,21153086,1
MoonBit.co.in,1901,240653683,1
70482085,491,21346069,1
60,5026,1009871079,1
129,189,335742937,6
20,21764,2313641060,2
0,BitBay.net,4955407,3
129,883,249466750,4
139,126,2672451221,1
1228047,1151,158167285,1
269,94,2003871,1
70272383,ePay.info_CoinJoinMess,443148429,2
Xapo.com,Bitstamp.net,3071300,1
4457,4478,4239324,1
Poloniex.com,TheRockTrading.com,481872571055,9
776,91,169143440,8
Bleutrade.com,340,1097564,1
71554939,Luno.com,66225881,1
MoonBit.co.in,1316,605883502,2
14,284,327929413,4
2218,732,9737115,1
1228047,340,230093570,1
22457176,0,250024058,5
223,106268,73026951323,6
Poloniex.com,543,90797412442,1
848667,20,181884043,2
Xapo.com,732,152487529,5
HolyTransaction.com,Luno.com,2012661,1
108,18946,47100027,1
4,FortuneJack.com,64350502,9
5026,Poloniex.com,20057977,1
74042229,860,34011009,2
0,275,219613340,106
Poloniex.com,884,661735897660,2
BtcMarkets.net,3348,1400926855,1
4661129,4,5850591,1
37686970,68432412,125146909,1
61,8900,1611800001,5
75,71580560,165899055,2
Xapo.com,HitBtc.com,7768636,4
2465,Cubits.com,15939865,1
139,157,5349803760,2
YoBit.net,4,24399685,8
1654888,916,372774846,1
14,HolyTransaction.com,231581047,3
ePay.info_CoinJoinMess,904,41703395926,2
6484665,CoinHako.com,202502640,1
70063369,29,424873586,2
735,0,2879773,2
Xapo.com,CoinTrader.net_LocalBitcoins.com,3540638,1
ePay.info_CoinJoinMess,ChBtc.com,62555093889,3
39,Matbea.com,26981821,1
14,71580927,31015032,1
Poloniex.com,3576172,17067579840,2
37,102,1711216526,3
102,ePay.info_CoinJoinMess,2801813,1
42844,269,401007,2
HaoBTC.com,131,8999440489,2
22457176,72262805,12561236,1
1654888,Hashnest.com,721294954,2
Cryptonator.com,5026,4245725,1
14,17622,24944015,1
0,3473,517412,1
BX.in.th,Poloniex.com,2938787751,13
139,100985,1743388298,1
Xapo.com,275,4871341383,85
SlushPool.com,3423,2772243010,1
1182362,695,76107221,1
71764135,289,25990000,1
ePay.info_CoinJoinMess,72367415,20851697963,1
ePay.info_CoinJoinMess,189,143001116,1
74276157,73675787,8954392,1
69696667,286,91003638,4
74068308,860,16491244,1
4,SafeDice.com,766619451,27
CoinGaming.io,122,1306327690,9
391,40189,12899149,1
72602467,Xapo.com,340040400,1
189,152,63399143,4
YoBit.net,5026,27025936,3
1834695,71764510,198748788,1
4689,269,39979715,1
71554939,158,1331217744,7
ePay.info_CoinJoinMess,859,2800104,1
776,Xapo.com,1940633436,90
1773037,Hashnest.com,169166,1
72627169,ePay.info_CoinJoinMess,9346960,1
27914256,72315256,297576641,1
94,HelixMixer,5491476,1
73780649,LocalBitcoins.com,4329300,1
60,544,1544127212,1
354,73466000,914833261,1
ePay.info_CoinJoinMess,563,1146843387965,55
Bitcoin.de,BitcoinFog,384289371,2
102,Xapo.com,196845786,11
14,999Dice.com,270792770,4
70586632,44,5850940,1
234,Xapo.com,4962690,3
13921,2184,2404407692,1
73336077,49,21867548,1
995,HitBtc.com,4119005,1
MoonBit.co.in,5370574,343851920,1
61,444,138410019,3
1316,29,26151459437,8
3651,CoinMotion.com,186065485,1
Poloniex.com,2811,625965607437,2
37,371,128493950,1
Bitstamp.net,1236,63313789518,23
72419167,44,4146780,1
39,71371555,1812859594,1
BTCC.com,1215,1792193873,10
276,20902,2099950000,1
238,354,799963936,1
5162,472,448983663557,11
108,0,1700058,1
73256837,70246061,8361380,1
70063369,14,3470125983,8
391,999Dice.com,2395480,1
129,2803,35925651,1
Bitstamp.net,4395,70008854711,1
71624909,CoinJar.com,323272852,1
14,348,11389612,1
4661129,117,91807464,2
4833806,14,57783025,1
SafeDice.com,ePay.info_CoinJoinMess,5928738,2
Bitstamp.net,14,15482185403,3
1228047,FortuneJack.com,1819647360,5
73151810,71031656,35067475,1
289,1227,809237,1
Xapo.com,189,610084330,12
2387,73414517,2386070,2
139,HelixMixer,772823687,1
Bitstamp.net,CoinGaming.io,70008854711,1
30261,126,2742919822,2
Cryptonator.com,189,4991462,2
848667,0,13939920881,36
71136911,Poloniex.com,41273708,1
4823363,75,47953400,1
MoonBit.co.in,2024,240653683,1
695,Bitcoin.de,200886245,1
73100944,444,4591285,1
1088,Xapo.com,218790644,1
1228047,241309,203878250,1
152121,223,1706097574,4
639,Luno.com,1561232,1
163,ePay.info_CoinJoinMess,15845449,3
70324703,29,65262728,1
354,424,887950910,1
20,Bitstamp.net,399153149,2
0,Vaultoro.com,2579847,1
ePay.info_CoinJoinMess,269,44141590,1
37,0,12067862167,21
39,PocketDice.io,1338658,1
129,331,4591237,2
391,69853755,3839674,1
20,69461027,67652251,1
71032337,20,19039638,1
33117,Cryptsy.com,2812887526,2
130782,HelixMixer,20665255,1
74304268,18946,6567268024,1
94,163,690724587,6
Xapo.com,CoinGaming.io,241098647,5
37,39,43865949,2
Rollin.io,2811,8893232,1
ePay.info_CoinJoinMess,883,21033341003,3
Poloniex.com,331,1050203737834,8
Poloniex.com,3273,460727945020,6
61,129,7110000,1
131,60,312090317,2
0,1144,83134,1
354,44132,902492673,1
29280,29,1232383370,1
1182362,1123,36999508,1
354,444,4357761678,5
20,10503,434044369,3
Poloniex.com,386,1543243352522,18
598,Xapo.com,4829351,1
354,563,1068196698,1
60,21122,708404428,1
227,275,37255303,7
361,Poloniex.com,13721438,2
71633932,29,24805822,1
Poloniex.com,139,1301171502992,5
1228047,4,1111267035,7
391,162,16421855,1
32413624,801,139972880,1
154,859,1204984,1
SlushPool.com,126,5007972558,3
YoBit.net,859,38520003,1
27914256,Cryptopay.me,2712817396,1
1228047,0,8041228673,32
72943763,1450,258932675,1
37,SatoshiMines.com,70500547,1
MoonBit.co.in,2496802,262031582,1
71624909,14,323272852,1
776,Hashnest.com,21698628,1
73884746,4,925020,1
71624909,5342,307194601,1
30261,40231,1371459911,1
51,0,20865410,1
9749,371,2146960269,2
152121,91,803048663,3
74304268,36350,1681219533,2
SlushPool.com,152,9497293453,7
Xapo.com,101,831465012,12
999Dice.com,PocketDice.io,360783896,3
354,7319,1114639900,1
69853321,BTC-e.com,20867484,3
289,Cryptonator.com,51098503,1
72865479,BTC-e.com,5572272,1
3702,BTC-e.com,12606342,2
768,152,31177700,6
27914256,292,655728991,1
10118,Cryptopay.me,9999918117,1
70403432,Cryptonator.com,1205215902,2
Poloniex.com,YABTCL.com,404279710148,1
74304268,Bit-x.com,2914886849,1
2231615,BTC-e.com,32872880,1
72550682,1075,5561112,1
14,158,1158592390,5
MoonBit.co.in,CoinPayments.net,2836371797,13
107,7036,20007887,1
20,491,2380050993,6
Poloniex.com,833,3932281584500,42
1149,0,2000338,1
72655493,44,724047,1
102,289,3191860,1
27914256,Poloniex.com,362050963,1
20,Poloniex.com,5367771645,12
74304268,432,16384928475,4
0,2238,848252,2
354,7366,4874563019,5
Poloniex.com,883,66076954291,4
354,29549,1245928690,1
Cryptonator.com,289,16551270,4
25052,Xapo.com,5349873,1
94,234,80480214,1
391,Xapo.com,50994119,1
14,72051731,20665650,1
Cryptonator.com,HolyTransaction.com,1158878,1
0,58102,60973336,1
22457176,Poloniex.com,109988236,1
2218,170,238694365,23
893,29,9062481,1
26220,51,2532182048,8
MoonBit.co.in,70638488,343851920,1
24781,29,85665483,1
39,126,10110875792,2
BtcMarkets.net,388,2699966793,1
71554939,ePay.info_CoinJoinMess,1643387187,8
396,101,10116955,1
MoonBit.co.in,1432,240653683,1
1575,CloudBet.com,1906626370,2
MoonBit.co.in,126,640864168,4
MoonBit.co.in,733,3648180322,13
999Dice.com,732,30000,1
86911,CoinGaming.io,2023199,1
Rollin.io,Cubits.com,14947500,1
Cryptonator.com,Cubits.com,11500012,2
CoinJar.com,343,170651635,1
Poloniex.com,11835,20861273340,1
Cryptonator.com,61,89076004,14
598,292,34365129,1
20,3578,201049952,1
33117,BitoEX.com,5625775052,4
65,354,21409496,1
70796386,860,14660425,1
72236370,69,4217309,1
391,1391,14584364,1
4,4620,44784180,1
11835,189,4989753,1
4,CoinGaming.io,480785765,10
61270460,96,22138140,1
370,129,248796699,1
776,891,20587232,1
BX.in.th,170,1262910,1
189,4,34642992,2
942,Xapo.com,1552087,1
Cryptonator.com,275,32279671,20
39,60,42396369466,13
1654888,371,1690248958,3
189,YoBit.net,120775746,9
BX.in.th,157,185792293,5
Xapo.com,3578,169564009,2
MoonBit.co.in,HaoBTC.com,136673592,1
57,Xapo.com,23860010,3
354,1316,4607654031,5
0,65,10324246,4
73178179,Xapo.com,2535257,1
354,69260,1114639900,1
70063369,Poloniex.com,695714814,1
70822025,74042069,367195,1
SatoshiMines.com,Xapo.com,28234073,15
0,73231614,114968360,1
1901,152,11206472,1
157,2027,5294592,1
0,523,1348668,2
Bitstamp.net,20,3361403704,3
Poloniex.com,LocalBitcoins.com,36733213448,4
45000,14,39999465664,4
64740,BX.in.th,29576827,1
33117,289,2812887526,2
BX.in.th,CloudBet.com,37404693,1
776,Cryptopay.me,119957565,6
69121065,20,553160919,3
848667,491,418308101,2
217,Xapo.com,15244541,1
72367940,71110909,335554882,1
Bitstamp.net,387,6829838185,2
Poloniex.com,65,1535459824655,7
Xapo.com,883,80869648,7
PocketDice.io,4,23298310,6
1959,61,44155957,1
Bitstamp.net,LakeBTC.com,399922867,1
YoBit.net,44,2951419,1
354,109619,1065172618,1
MoonBit.co.in,73570968,136673592,1
1182,Xapo.com,168430000,1
YoBit.net,Bitstamp.net,15303959,1
0,269,3018934,2
152121,ePay.info_CoinJoinMess,1775473694,3
1654888,72288388,362111582,1
20,61,4262830780,11
71895491,Poloniex.com,49021617,1
20,29,345643534070,526
391,158,15921238,2
Poloniex.com,205101,301434447133,1
72943763,158,494913509,2
ePay.info_CoinJoinMess,4050,20851697963,1
354,Cex.io,977961947,1
20,2043730,558943635,1
1091,61,16966458,1
MoonBit.co.in,227,480525512,2
60,Bit-x.com,43289912,1
71762773,73412374,80222476,1
Poloniex.com,1432,258337731665,3
71624909,275,645292867,2
Poloniex.com,73702180,343681605177,1
848667,CloudBet.com,1671857127,3
PocketDice.io,Cryptopay.me,1059384,1
70508319,801,843252,1
999Dice.com,158,108586296,8
SlushPool.com,SatoshiMines.com,2772243010,1
37,139,1175270966,1
71947256,BTC-e.com,139984143,1
16768780,74200161,23779535,1
ePay.info_CoinJoinMess,275,321143693,2
Cryptonator.com,859,50186124,1
BX.in.th,94,839473333,3
10169632,860,105915254,1
75,37,7531631,1
Bitstamp.net,491,3615403094,2
354,126,15239257331,14
37,Bitstamp.net,125426346,1
PocketDice.io,YoBit.net,15200273,1
24414,72681133,243800624,1
61,73780649,45272903,2
14,72157113,79205112,1
Rollin.io,PocketDice.io,1369830,1
87610,37,1823405610,7
39,LocalBitcoins.com,7916258100,2
37686970,73309624,130196629,1
4661129,Poloniex.com,336167364,6
61182609,29,33126534,1
35,36350,110237740,1
3687698,96,1214713,1
164,154,49900000,1
70404041,BitcoinWallet.com,118187110,1
20,SafeDice.com,466634206,1
74304268,1330,3830441734,1
Cryptonator.com,96,1250120,1
1654888,523,158479916,1
848667,662,323181496,1
139,105520,197674328382,105
73074752,BTC-e.com,21597884,1
2453,162,1251943439,2
14,44,296948725,3
Poloniex.com,129,3674069502421,31
MoonBit.co.in,57,2879127595,13
801,91,19166802,3
189,ePay.info_CoinJoinMess,1204060,1
70375394,BTC-e.com,22799655,1
0,60,212851190,23
4497,0,3497278,1
MoonBit.co.in,41096,240653683,1
157,354,3681169,1
1612,BTCC.com,53285141795,5
74278522,72289129,32467091,1
0,SatoshiMines.com,18612592,28
37111,4,301220000,1
0,2189,425809,2
72995913,Poloniex.com,5901070,1
289,Bter.com,27453674,1
129,BTC-e.com,57537353,4
74252166,OKCoin.com,220289469904,17
217,CoinTrader.net_LocalBitcoins.com,32109233,1
69879571,CoinGaming.io,67739120,4
74304268,2480,28759392815,4
999Dice.com,152,11302030,3
1654888,72969995,887155726,1
Rollin.io,662,1100104,1
28669643,811,3708820,1
233,Cryptonator.com,50000,1
74304268,437,9662260849,2
73310613,44,8324996,1
14,1149,21993010,1
Bitstamp.net,Cubits.com,19165724752,6
14,72207026,117563408,1
74304268,39,21085145586,7
1228047,20,4377951347,22
5055,Poloniex.com,1364280823,1
94,7655,1499945584,1
Poloniex.com,801,18620931974,1
14,14646954,452023261,1
74304268,154,26455888365,5
227,BTC-e.com,9636338,2
SlushPool.com,60,18026370473,12
776,BitoEX.com,79894497,4
14,FortuneJack.com,2632596535,3
CoinGaming.io,CoinJar.com,10004100,1
410034,61,54480840,5
74304268,292,3207906454,1
396,Rollin.io,375383206,1
87610,189,78013567,1
65372,0,6656610,1
SatoshiDice.com,444,11333715,1
801,107,8225185,1
Poloniex.com,695,1057656375009,6
101,158,40846617,1
Xapo.com,3415,11191986,1
70612572,44,1693158,1
Xapo.com,CloudBet.com,1157406421,20
340,7645,843723681,1
776,71292774,15910009,1
4395,163,61740000,1
YoBit.net,421,43808503,4
70482085,49,11054682,1
1901,53726482,2708082,1
MoonBit.co.in,12936,74966886,1
Poloniex.com,5162,141387523932,1
238,223,2688952720,7
20,71502261,958571688,2
MoonBit.co.in,TheRockTrading.com,240653683,1
0,289,11838846,9
388,Poloniex.com,599900000,1
1182362,432,115211081,2
0,70011173,4557814,1
848667,4,24039102288,61
0,55096242,1163840,1
28460937,YoBit.net,1134090,1
14,71633175,95015091,1
17622,3648,1201099,1
Xapo.com,12243,571224904,5
72969927,4,14503058,2
Xapo.com,20,41316586,1
73074428,62,54593680,1
2788287,35046709,17375382,1
MoonBit.co.in,2230,343851920,1
Cryptonator.com,391,2002678,1
999Dice.com,ePay.info_CoinJoinMess,42702328,3
662,PocketDice.io,1026880,1
189,217,14251798,2
69697250,372665,53205761510,5
Poloniex.com,387,1468964578996,14
73231720,Xapo.com,202473099,2
64740,9904952,29576827,1
Poloniex.com,234,203260342692,2
32413624,BitcoinWallet.com,163409080,2
MoonBit.co.in,859,481307366,2
69825990,44,6464880,1
46590,61,6802281776,106
746299,6748,29999990000,1
2387,71528260,1608870,1
3187,700,2749096,1
126,39,2043739085,1
7645,Bittrex.com,842658678,1
ePay.info_CoinJoinMess,158,438839722535,28
1228047,96,240860765,1
74304268,Rollin.io,11855168186,1
152121,563,3451391038,6
Cryptonator.com,284,1199785,1
14,LocalBitcoins.com,438538779,3
Poloniex.com,2380,183142382094,2
74330584,Bitstamp.net,794327908,1
776,342,20587232,1
801,102,16199598,1
354,OKCoin.com,15200766915,14
Bitbond.com,170,9935045,1
1091,51,18312935,1
Poloniex.com,Bter.com,1874077232459,21
74304268,484,3283689895,1
189,162,21633412,2
CoinGaming.io,175,371000000,1
20705,563,43543611,1
9236105,999Dice.com,31000,1
ePay.info_CoinJoinMess,523,41703395926,2
126,13951749,108678002,2
23421989,Cubits.com,1706482,1
SpectroCoin.com,5540,30619829540,10
396,0,1583505533,3
1228047,9,4573430595,13
117,170,3515055,1
14,Bleutrade.com,17119320,1
20,39,581357239,2
150953,37,158202839,1
1438008,91,156657253,3
71032404,49,3063421,1
12548,733,662114680,1
71659840,Bittrex.com,76843577,1
SafeDice.com,CoinTrader.net_LocalBitcoins.com,6862758,1
331438,14,3948914,1
4033,61,735139868,13
0,368,467085,1
MoonBit.co.in,2899,605883502,2
Bit-x.com,1316,578350467,1
995,14,17904579,1
20,62,323165697198,571
17359,14,11112766,2
61,46590,127000000,2
74304268,24493,1631512796,1
5714831,Poloniex.com,30610408619,30
Bitstamp.net,73623569,599936743,1
Bitstamp.net,2230,10778246100,4
22457176,ePay.info_CoinJoinMess,11009094,3
70115441,162,2999954768,1
33117,42844,2812887526,2
105520,4544,193775604,1
MoonBit.co.in,629,605883502,2
107,491,629728,1
101,0,100194183,10
YoBit.net,331,1586303,1
72943763,Cubits.com,244922664,1
776,39030,20587232,1
56353767,69697273,46126307,2
1585,BTC-e.com,8973349257,4
Poloniex.com,BtcMarkets.net,135737561991,1
4,233,299927617,12
1228047,29,13953003667,58
Poloniex.com,35269463,4265596828,1
Poloniex.com,108,919894104548,8
20,331,743247995,3
4689,Bit-x.com,54930345,1
267,Bter.com,1966479,1
Poloniex.com,CloudBet.com,459502562374,9
Poloniex.com,158,9933552045770,92
71032337,Poloniex.com,70407308,1
3531,331,28711940,3
1654888,Bleutrade.com,780677042,1
72943763,Xapo.com,4249907931,17
MoonBit.co.in,1090,343851920,1
Bitcoin.de,1098,296624343,1
269,354,78473911,4
15857340,20,109596500,1
1654888,35,469665028,1
73467037,71528819,10524527,1
CoinJar.com,Bitstamp.net,6400115,1
1182362,Xapo.com,120170493,3
71888167,70115038,547373460,6
238,35,5770852,1
2480,Luno.com,160263897,1
70271833,44,14117572,4
69697250,898,30790190000,2
SlushPool.com,73048424,1276387714,1
126,71554876,34076746,1
1575,4,845309360,1
Xapo.com,BitoEX.com,121004155,6
Xapo.com,1450,12954606,1
189,129,91533783,7
HaoBTC.com,20,1277967042,12
72129415,14,134377053,1
1228047,13220,210584546,2
107,0,1922581995,9
276,3348,10999900000,1
46596,HelixMixer,200306900,1
ePay.info_CoinJoinMess,Xapo.com,884006245045,96
71032063,29,80374570,1
20,73832915,299867296,1
71293643,44,1012081,1
117,Poloniex.com,5237622538,6
Cryptopay.me,10118,10103125649,1
396,999Dice.com,2379528444,12
117,Cryptopay.me,1269477,1
3690470,Bittrex.com,15161433100,8
391,152,8560925,1
Bleutrade.com,60,2003912,1
354,497,2853958633,3
17296627,BTC-e.com,134741600,1
354,61394841,1191218101,1
269,0,1127013,1
107,YoBit.net,250000,1
HolyTransaction.com,Poloniex.com,33146344,4
1182,Cryptopay.me,23037752,1
2143,69670823,14372616,7
354,3423,1017184114,1
33117,269,2812887526,2
131,157,55385994,1
37,1432,299715853,1
YoBit.net,0,1207364410,11
289,233,12509196,1
60,Poloniex.com,118714536107,38
72943763,CoinGaming.io,255405650,1
152121,158,45286175,1
354,73519155,886805659,1
269,Bittrex.com,10215740,1
ePay.info_CoinJoinMess,MercadoBitcoin.com.br,22925562008,13
Bitstamp.net,3348,59508881746,8
71624909,732,320480931,1
20,629,1115082834,2
4833806,4,96612793,1
767180,Luno.com,7621069,1
942,4,2409356,1
PocketDice.io,371,1109754,1
ePay.info_CoinJoinMess,39,83969366554,7
ePay.info_CoinJoinMess,Bit-x.com,20851697963,1
60,1805,2567752322,1
2218,BitcoinWallet.com,32159489,3
87610,234,138207580,2
87610,503,158276197,2
801,131,25149944,2
YoBit.net,Cryptonator.com,10360465,2
4,421,22082197,2
801,VirWoX.com,13112315,1
0,163,572724504,141
71031656,44,356045,1
69906500,Cubits.com,115641113,2
4,999Dice.com,2264187513,66
MoonBit.co.in,HolyTransaction.com,5761809216,23
Poloniex.com,SatoshiMines.com,317881504371,4
234,391,3139446,1
72073418,9,541713,1
276,BTCCPool,1139950000,1
MoonBit.co.in,3810,398705174,2
189,3810,22818347,1
848667,1316,631207902,1
Poloniex.com,995,733114410689,3
MoonBit.co.in,921102,262031582,1
1070,942,46200,1
1654888,9390730,81774015,1
Poloniex.com,3423,33510988984,1
74304268,879,29476787376,4
354,189,9097475862,10
14,70089241,445791724,1
SlushPool.com,YoBit.net,1398188251,1
Rollin.io,29,166115085,3
Poloniex.com,391,1029434210827,10
108,859,201000016,1
SlushPool.com,106991,4048630724,2
22353081,0,3050444,1
801,Xapo.com,130479087,10
4,3208,38155253,1
776,HitBtc.com,74749068,3
72446493,73492583,51336247,2
69697250,72130719,13887250000,1
848667,Luno.com,1793559528,4
65,340,115939278,2
7103,999Dice.com,86764560,13
ePay.info_CoinJoinMess,5330317,20851697963,1
Poloniex.com,107,2331684136821,19
35,1138,19966478,1
1612,BTCCPool,10657028359,1
154,HitBtc.com,4131709,1
999Dice.com,227,30385782,2
Poloniex.com,BX.in.th,13942966464837,88
14,NitrogenSports.eu,173673975,2
Poloniex.com,7655,9473619445,1
MoonBit.co.in,VirWoX.com,753872696,4
175,Poloniex.com,4734496238,17
1090,4395,25600632,1
71032063,51,66907234,2
14,432,198608008,2
163,158,1110600,1
139,14,6934349339,3
354,BitBay.net,6105200688,6
2599249,1840811,19100307,1
0,10054,10093725,1
152121,BX.in.th,92623954,2
35,354,135472056,10
354,3120,1592184414,2
298,629,31860455,4
74015866,23564121,315468120,1
289,BitBay.net,75973929,1
ePay.info_CoinJoinMess,72104778,40199873,1
848667,37,1534128169,2
SlushPool.com,BitcoinWallet.com,11937971763,7
74252166,Huobi.com,51832816448,4
107,139,21823352,1
72524240,BTC-e.com,3927221,1
MoonBit.co.in,73126948,240653683,1
23462,Poloniex.com,653756600,1
131,175,1644774603,6
152121,0,11318771722,25
8204715,233,4289260,1
ePay.info_CoinJoinMess,750,104258489815,5
129,4,64891149,5
4689,Bittrex.com,345874410,8
39,Hashnest.com,42256527,1
40059950,44,1857662,1
354,Coinmate.io,974383272,1
848667,Cryptonator.com,6040222628,16
1654888,22279,155583212,1
15548,29,476193200,3
72052055,29,84885478,1
70324699,44,10629120,1
37,Cubits.com,564720070,2
22858851,BTC-e.com,18668812,1
20,73388743,202093322,2
69852413,BTC-e.com,159288350,1
2218,Matbea.com,9737115,1
1654888,HaoBTC.com,990538559,1
73074640,107,19518508,2
354,175,7965553707,9
ePay.info_CoinJoinMess,60,125110187778,6
916,9310,89657077,1
HaoBTC.com,62,85773165,4
629,0,10113730,6
777,BitoEX.com,11167886,1
1004,108,1662412,2
73590338,2230,304772674,1
74304268,Bittrex.com,265385017716,58
ePay.info_CoinJoinMess,BTCCPool,1272131718320,62
Xapo.com,5026,3837588,1
YoBit.net,152,44469859,2
4,6252,592816088,32
14,ePay.info_CoinJoinMess,7461174148,16
20,Cryptopay.me,1232893450,4
ePay.info_CoinJoinMess,4473692,20851697963,1
1654888,YoBit.net,774195641,2
102,0,23828347,3
107,Poloniex.com,481940918,13
848667,7345,973545022,1
152121,122,1840496368,5
60,VirWoX.com,285457940,1
Xapo.com,942,10775282,1
64740,YoBit.net,29576827,1
20,777,338553710,1
999Dice.com,0,201132987,15
163,129,9000532,1
848667,371,1122053683,2
MoonBit.co.in,Luno.com,19387603708,75
139,432,5359672168,2
372665,898,256516800,2
Bitstamp.net,Bit-x.com,230482214,2
Poloniex.com,Luno.com,2847221316323,22
20,3167082,78131766,1
74304268,SatoshiMines.com,5064475050,1
60,768,2630646152,9
1654888,348,667898053,1
Bit-x.com,Cryptopay.me,122339554,1
Poloniex.com,893,4029120387,1
101,35255,1435276,1
Xapo.com,91,735979459,21
0,VirWoX.com,13594976,4
139,999Dice.com,1884066791,1
4814,4266,43983546,1
152121,5342,802537060,1
HaoBTC.com,29,2763675225,21
4661129,Bittrex.com,134007,1
Bit-x.com,163,30920745,3
776,Bitcoin.de,27080918,1
PocketDice.io,0,13862480,13
157,152,25666357,2
SlushPool.com,CoinSpot.com.au,4306675917,2
20,51392267,1184063252,2
72363881,BTC-e.com,5627152164,1
BX.in.th,163,38843220,1
152121,Luno.com,870315984,3
219,OKCoin.com,1855020479,1
776,39,21698628,1
432,94,56000218,1
Xapo.com,2218,5006067,2
69382546,49,5571998,2
1228047,HaoBTC.com,723614772,2
108,107,26725009,1
73388674,73832987,18229545,2
69826842,44,3658266,1
74121075,44,4782544,1
1316,Bittrex.com,11720212898,3
SlushPool.com,158,13485079736,7
848667,732,1002748932,1
1805,Rollin.io,3496962,1
106268,CloudBet.com,11452377971,1
1654888,0,54776877058,117
879,Bittrex.com,318734834,2
74304268,Coinmate.io,2046360488,1
157,CloudBet.com,46863878,5
126,70691730,70262910,1
20,70403545,1084724318,2
289,776,11774760,1
70063369,139,532402176,1
17321,29,35251834,1
72707830,BTC-e.com,36982752,1
74304268,57490,3442412013,1
9444,331,12464366,1
Xapo.com,152,2744238157,23
Poloniex.com,227,832855252710,10
4544,BTC-e.com,50002000007,2
70403432,859,1788250748,5
70063369,44,1432969556,4
4,872,20214768,2
SlushPool.com,59833,4048630724,2
0,1588901,1038826,1
69330819,44,3167164,1
Cryptonator.com,578,1101917,1
6037,28962,99973568,1
37,Cryptopay.me,233212533,3
MoonBit.co.in,233,3527766895,15
52652060,497,29342860,1
258777,833,1154093,1
MoonBit.co.in,LocalBitcoins.com,1004588676,4
MoonBit.co.in,229097,262031582,1
4,129,388062873,10
801,BitoEX.com,38198435,2
SafeDice.com,4,108306387,9
MoonBit.co.in,Bitcoin.de,6719616617,28
157,57,3662808,1
4730886,CloudBet.com,9495414,1
14,73570226,151856825,1
14,175,349764228,5
1654888,CoinApult.com,472786164,1
11731507,14,2202491,1
1575,BTC-e.com,651046601,1
ePay.info_CoinJoinMess,284,20851697963,1
6300,175,2288238200,3
72836661,29,3451180,1
73597183,96,5167891,1
60,39,15442907511,3
354,472,17353948842,16
227,61,20194242,5
70507992,286,1331453,1
MoonBit.co.in,55533,136673592,1
354,66038,1035393785,1
1654888,42552,199020155,1
Bitstamp.net,Poloniex.com,179345363745,33
0,71163044,1263840,1
61,94,70732000,2
14,94,501057175,4
71624909,421,323272852,1
74304268,444,6398897827,2
69199627,2461,323168094,1
ePay.info_CoinJoinMess,PocketDice.io,178142577,1
4689,Xapo.com,39979715,1
ePay.info_CoinJoinMess,1450,41703395926,2
107,MercadoBitcoin.com.br,346793,1
0,117,14166974,5
37,2238,123608689,1
354,139,3191549059,3
32317,20,13628526,1
129,0,44551845,4
7645,139,842658678,1
0,1622,5295970,3
72891572,44,464702,1
Xapo.com,292,15910000,1
20,69435530,1254305760,1
4,108,528954384,6
Poloniex.com,Coinroll.com,29493511254,2
1863321,BTC-e.com,176909526,2
750,29,1065331952,15
69222498,29,41387389,1
YoBit.net,Bit-x.com,4526958,2
Poloniex.com,1450,18702936721,1
BTCCPool,1215,879651718,2
SatoshiDice.com,523,999966250,1
71162539,189,105496760,1
71633594,44,4736619,1
432,163,12857480,3
ePay.info_CoinJoinMess,424,5254627886676,252
Cryptonator.com,YABTCL.com,1350215,1
94,62,336614177,2
YoBit.net,62,13590846,3
71528798,96,1721154,1
64740,0,207037789,7
396,275,330242465,3
70403432,154,1721488938,3
777,29,8000066,1
12548,BTC-e.com,999920000,1
6271,162,6499949600,1
354,HitBtc.com,17593081070,21
163,108,6017940,1
3607952,Cryptopay.me,84446276,3
SatoshiMines.com,BTC-e.com,3002809,1
4689,BitoEX.com,40167990,1
14,1075,78546425,1
776,2380,21698628,1
238,Bittrex.com,134761581,3
354,11686,998427788,1
37,44,657168948,2
71659840,49,62004530,1
71476282,20,405089,1
74304268,472,8069614032,2
69958278,62,17945120,1
398,Poloniex.com,9009004,1
776,292,107381744,5
354,348,1558830755,2
Xapo.com,801,22176602,4
Poloniex.com,BlockTrades.us,958769870,1
1182362,29,346626263,6
20,ePay.info_CoinJoinMess,3550283853,10
70403432,29,13924096,1
776,MercadoBitcoin.com.br,189329565,8
SlushPool.com,Cryptonator.com,8501240670,5
107,1622,3907835,2
776,Poloniex.com,343967908,16
72550682,49,4333345,1
776,Bter.com,21698628,1
968,AnoniBet.com,17198700,1
70193650,44,1133334,1
72943763,732,258932675,1
Poloniex.com,3473,140452368985,1
SlushPool.com,29,6973828138,5
0,157,76713463,12
ePay.info_CoinJoinMess,Bittrex.com,168407307323,16
61,BitcoinFog,6084471,1
33117,72341503,2812887526,2
776,801,27080918,1
354,14,2919266948,4
4661129,354,40069451,1
MoonBit.co.in,BitoEX.com,11559128946,49
73231720,14,173853825,1
74068186,44,3467910,1
33117,11686,2812887526,2
2214,999Dice.com,30022678,1
1228047,Luno.com,32163104211,157
999Dice.com,Poloniex.com,26550710,2
4,2899,4950084,1
Poloniex.com,1316,488155559772,6
33117,LocalBitcoins.com,8438662578,6
20,7751494,1193574030,2
33117,ePay.info_CoinJoinMess,2812887526,2
733,4661129,1870276662,9
340,44862,90618760,4
131,Bitstamp.net,20232800,1
72943763,371,258932675,1
0,54955,9437715,1
263,0,3026185,1
Bitstamp.net,71121318,11094597096,2
234,361,28118967,1
74304268,94,39032863735,10
292,391,9334296,3
2374316,Cubits.com,21165070,1
71554939,732,198933832,1
14,70037420,182510906,1
BtcMarkets.net,BlockTrades.us,150887517,1
ePay.info_CoinJoinMess,37,522905452,4
154,1622,25740403,2
175,122,6974566822,22
MoonBit.co.in,19172839,71819984,1
60,BitBargain.co.uk,62002628,1
MoonBit.co.in,Xapo.com,45168241242,223
848667,629,135403597,1
70532855,ePay.info_CoinJoinMess,741880,1
74304268,CoinJar.com,15386216287,4
14,Bitcoin.de,1916025605,4
74304268,354,201339676183,58
SatoshiMines.com,29,10497893,6
1391,0,337447383,21
Xapo.com,995,48499145,2
1654888,69198888,499573280,1
107,275,1807886,2
Cryptonator.com,170,8129839,4
71554939,170,188975434,1
354,1290437,712962382,1
1450,170,1016179,1
74042229,16621,45198502,1
72969927,0,15611187,3
74304268,Cubits.com,3241454843,3
HaoBTC.com,387,127117379,5
MoonBit.co.in,7351,240653683,1
74304268,4033,8785465762,1
BX.in.th,3648,33602314,3
776,4,1422107969,67
2779,CoinPayments.net,10920,4
69983328,860,5180888,1
14,YoBit.net,1848626007,3
Bitstamp.net,7655,2323579390,1
1612,472,287739765693,27
0,CoinPayments.net,39709872,3
Xapo.com,735,25781418,2
1438008,72707639,40596688,1
14,472,80010190,1
117,BTC-e.com,10493274,2
999Dice.com,YoBit.net,54512541,2
ePay.info_CoinJoinMess,238,41703395926,2
354,802673,977961947,1
848667,SatoshiMines.com,1882518405,3
163,CoinSpot.com.au,1522629,1
14,69958278,132917768,1
292,1227,2629090,1
71162539,Cryptonator.com,403061900,3
396,Bittrex.com,2278543171,3
801,271437,46833054,2
0,386,45413888,3
22583343,69670966,33747678,1
129,12344,45047684,1
66152,29,1218765,1
354,276,1501896140,1
1575,Bittrex.com,24555865,1
Cryptonator.com,3473,200000,1
73100769,44,4863433,2
361,29,599989959,1
74304268,269,57359773702,16
14,35,592242870,1
999Dice.com,398,2503877,1
1654888,4,11032312244,27
354,BX.in.th,187429805488,208
233,Xapo.com,4900004,1
14,Matbea.com,6357265499,4
74304268,64740,2311615598,1
Cryptonator.com,942,400000,1
BX.in.th,2055,24967900,1
HaoBTC.com,BTCCPool,534400179,2
71624909,29,4784611583,15
1654888,22291,1271773418,2
3571,Xapo.com,1511906152,1
72944130,Poloniex.com,999910000,1
157,94,5817118,1
Poloniex.com,29,26834185624371,242
0,14,1179554626,302
1228047,BTC-e.com,514466158,3
234,275,4641369,1
4833806,170,30680204,1
14,37,10635367384,47
MoonBit.co.in,CloudBet.com,136673592,1
37,29,2034012705,9
1228047,286,29477263,1
1612,57,18091464728,1
4,217,46066905,1
CoinJar.com,117,1963603,1
126,ePay.info_CoinJoinMess,10432680330,9
87610,YABTCL.com,11101927,1
MoonBit.co.in,298,2084127026,11
35,421,3118756,2
71293598,942,3605767,1
4,SatoshiMines.com,272586553,18
848667,1123,285355704,1
1654888,Cryptopay.me,12229674316,27
1622,29,6992752,1
10018926,398,18911907,3
0,9925458,1441604,1
0,26587,90727756,4
0,70062165,845840,1
1654888,ePay.info_CoinJoinMess,282994483,1
ePay.info_CoinJoinMess,871,62683807202,4
MoonBit.co.in,CoinHako.com,1362825217,7
219,289,72989203636,9
942,275,1501078,1
Poloniex.com,SwCPoker.eu,431153902362,5
175,131,41382840670,10
71450638,44,1170370,1
4,70037420,27569252,1
MoonBit.co.in,891,641523408,3
4395,189,345189990,1
71554939,MercadoBitcoin.com.br,427628274,2
MoonBit.co.in,122,1589094279,6
YoBit.net,29,1838963182,32
5026149,Bleutrade.com,1633335,1
MoonBit.co.in,131,2324780709,12
YABTCL.com,999Dice.com,1846811358,2
ePay.info_CoinJoinMess,276,83406791852,4
848667,158,753886988,2
71973427,49,1476232,1
MoonBit.co.in,29,4050523635,16
354,29,49418257800,54
432,Poloniex.com,7642128,2
MoonBit.co.in,102,1108568767,4
Poloniex.com,289,3418083769285,37
14,126,2438173449,3
Poloniex.com,6300,1258918005907,6
848667,MercadoBitcoin.com.br,7998076825,23
1654888,417,109592940,1
MoonBit.co.in,Cryptopay.me,3170995748,15
276,6300,349345906,1
73282317,29,4547149,2
444,LocalBitcoins.com,227200422,2
ePay.info_CoinJoinMess,0,3961852996378,454
354,BitcoinWallet.com,12033428127,13
276,157,19769600,1
Poloniex.com,421,4560429362526,32
HaoBTC.com,14,40545453,1
72052207,Cubits.com,69646707,2
1654888,223,565889565,1
Xapo.com,432,217420005,4
72052207,9,186040952,3
21024,29,84238485,1
Poloniex.com,HitBtc.com,978433880510,7
391,YoBit.net,2692915,1
74304268,833,16993673143,8
Poloniex.com,154,1470165077006,15
154,Poloniex.com,997321333,10
1612,Poloniex.com,10739648889,1
71842456,72183095,787869884,2
20,18459488,199871839,1
126,BTC-e.com,161276683,2
776,879,21698628,1
33117,57,29493240456,21
151245,YoBit.net,18956107,1
354,91,6703817971,8
833,276,73311219,1
SlushPool.com,BTCCPool,2772243010,1
326396,Poloniex.com,9999959219,1
Xapo.com,Bleutrade.com,82624332,4
73464654,BTC-e.com,154585052,1
94,189,138024133,2
SafeDice.com,29,43367545,1
5078512,44,2494248,1
234,108,6839238,1
108,Bitcoin.de,16000012,1
0,71137145,593840,1
18553978,29,188282880,1
72314955,73832987,32878180,1
139,3348,24995544568,1
0,5026,6263270,1
22457176,233,377458184,7
70063369,Cryptonator.com,80883880,1
SatoshiMines.com,Bittrex.com,3504260,3
PocketDice.io,Poloniex.com,14189497,1
69173228,44,5672714,1
CoinGaming.io,Bitstamp.net,11000297,1
340,20,37441125,1
70716044,44,3309120,1
105520,49,180242503,3
1654888,995,202036498,1
219,371,109199980185,17
71162539,94,509321300,1
33117,Bitcoin.de,5625775052,4
13921,CoinTrader.net_LocalBitcoins.com,2404407692,1
74304268,Bitstamp.net,33872214739,9
MoonBit.co.in,1098,721179195,3
14,578,567675331,3
1316,YoBit.net,6902132246,2
73702180,44,294078,1
72052207,20,20216811,1
289,170,123696315,3
Xapo.com,289,646031406,6
163,CoinGaming.io,9072946,2
5162,Bitstamp.net,40816696687,1
SlushPool.com,6748,1276387714,1
70403432,Xapo.com,576211877,1
189,29,11173010,2
5234744,107,759165,1
Bitstamp.net,73126935,2450517716,2
MoonBit.co.in,70062287,343851920,1
60,217,304484113,2
0,LocalBitcoins.com,1667687,2
117,371,48853962,1
33117,891,2812887526,2
391,289,2445225,1
1228047,107,139879425,1
1228047,SatoshiCircle.com,45910251,1
354,Luno.com,78195117726,84
0,Xapo.com,303743104,94
MoonBit.co.in,Vaultoro.com,343851920,1
107,2811,8838888,1
ePay.info_CoinJoinMess,525,312775469445,15
74252166,HaoBTC.com,194373061680,15
14,129,2487677330,5
Poloniex.com,73048354,374254268953,1
74304268,163,66438353883,12
189,269,1961580,1
49319076,44,9674298,2
14,189,1290765954,4
MoonBit.co.in,Cubits.com,400869725,2
1228047,131,124270398,1
70927681,71004705,3571578,1
139,Poloniex.com,30591242087,16
354,Huobi.com,3515600944,4
73988566,1235,20890856,1
1654888,581602,955713846,1
354,BTCC.com,1165764014,1
58081,73466833,6840790,1
163,SwCPoker.eu,7014000,1
105520,20,26757865,3
354,525,791909387,1
Poloniex.com,34162,7140940238,1
15207,14,2247308928,2
20,14,5351673004,15
37686970,20,183997880,1
391,227,5995480,1
217,152,21025412,1
51740773,163,2086655,1
0,503,4802330,2
ePay.info_CoinJoinMess,995,20854176528,2
12315641,1316,5280180,1
SlushPool.com,Cryptopay.me,2099410191,1
85102,14,12385669,2
1654888,CloudBet.com,387600224,1
2479,ePay.info_CoinJoinMess,7696584,2
71868073,61,79986344,5
ePay.info_CoinJoinMess,72811463,20851697963,1
MoonBit.co.in,73258135,136673592,1
71371555,20,987638606,2
Bitcoin.de,14,90154336,2
Bitstamp.net,223,22527651804,5
131,331,302479,1
1228047,75,47836458,1
6963,73231273,15728385,1
276,BTC-e.com,925079157,3
1123,33074938,23300349,1
275,848667,7208476786,14
0,217,15607550,3
SlushPool.com,122,1398188251,1
4014,61,225007182,3
ePay.info_CoinJoinMess,1391,20851697963,1
PocketDice.io,ePay.info_CoinJoinMess,1110564,1
14,5941,2062340929,3
33117,20042,2812887526,2
PocketDice.io,Cubits.com,1104379,1
74304268,MoonBit.co.in,8668558,1
1182362,CloudBet.com,150480938,3
898,44,60900113,1
354,269,9751551523,10
73466663,Cryptopay.me,6890869,1
60,Cubits.com,53866694050,4
9205456,29,18200000,1
2922,Bittrex.com,20821723,1
ePay.info_CoinJoinMess,162,125114189446,7
801,497,12472033,1
776,1227,20587232,1
74304268,61,10903504477,4
70586632,1075,10496884,2
396,CloudBet.com,318118507,2
4,578,42549300,2
157,163,35361970,4
65,29,2257175,1
94,354,12990898,2
0,3167,3292053,1
0,223,30465978,3
354,284,5372794835,6
354,315,1245928690,1
14,289,189140037,2
189,371,10880749,1
94,122,199939856,1
14,9306,2070571244,1
Poloniex.com,152,6182423413533,50
SlushPool.com,BitBay.net,1398188251,1
72943763,Poloniex.com,504925535,2
73204944,49,6458365,2
9637,61,14677720,2
354,Bitcoin.de,26437986276,30
1316,2803,150545471,1
4,Cryptopay.me,147162360,12
Poloniex.com,BTC-e.com,31916899158947,330
69330554,883,745438290,1
Poloniex.com,4810,473086660498,3
387,29,1717314548,12
0,2218,5451282,3
Poloniex.com,354,23655067064757,201
SatoshiMines.com,ePay.info_CoinJoinMess,23154856,2
776,BX.in.th,69366778,3
107,1138,450000,1
700,859,17955477,1
139,503,2869957993,1
391,421,2803099,2
72943763,0,3755597720,15
139,CoinGaming.io,1787874229,1
CoinJar.com,Cubits.com,51013868,1
74304268,4,19444513449,4
848667,BitoEX.com,2157430378,4
MoonBit.co.in,Cryptsy.com,502685265,2
Bitstamp.net,284,3381005116,1
7277,2779,10920,2
107,Xapo.com,92125427,18
74304268,7366,3021966606,1
73910338,1075,30849802,5
20,71659609,772713794,1
Poloniex.com,2536,18058846234,1
700,Xapo.com,1194758,1
11450149,71476557,89583410,1
1575,39,847629360,1
20,73597523,116767168,1
73100528,Bittrex.com,61035120,1
11450149,BitcoinWallet.com,199972880,1
65,Poloniex.com,11787194,2
39,20,14416681666,2
87610,36222,702830000,2
14,163,32569987,2
Poloniex.com,OKCoin.com,30001063267,1
117,Bittrex.com,240803,1
20,16621,57418412,1
29478,444,37079527,1
1228047,Cubits.com,2159893173,11
3273,Poloniex.com,152064102,1
33117,139,2812887526,2
74147462,49,1663325,1
74042229,57451766,85745144,1
4833806,29,153369454,4
74304268,Luno.com,37735562587,10
2218,Cryptonator.com,470911053,47
776,CoinTrader.net_LocalBitcoins.com,20587232,1
72940977,491,13979903,1
4833806,497,106616161,1
73910338,49,14118935,3
69461515,72419711,372960000,1
354,115620,1306315612,1
331438,275,5392322,1
ePay.info_CoinJoinMess,14035041,20851697963,1
4,YoBit.net,102030666,2
MoonBit.co.in,1123,584505603,2
11959,61,31672880,1
6271,14,3996901,1
884,162,999959691,1
0,Bitcoin.de,5614355,1
2618527,44,13262633,1
108,275,1415520,1
37,CloudBet.com,1361562075,4
MoonBit.co.in,1380632,262031582,1
Xapo.com,39,198048681,5
33117,40189,2812887526,2
69697008,62,15309760,1
ePay.info_CoinJoinMess,29549,20851697963,1
Poloniex.com,Huobi.com,114943971628,3
94,61,67516902,3
189,444,6961580,1
74304268,883,227635090,1
94,39,6609769060,4
39,Kraken.com,123911467,1
373623,Cryptopay.me,55658720,1
189,107,1287801,1
60,354,4670673519,4
106268,238,13740720886,1
Cryptonator.com,Cryptopay.me,12782744,6
163,432,28289071,5
1805,Bittrex.com,999916250,1
ePay.info_CoinJoinMess,70140886,1365251,1
44,72363881,1081080000,1
94,491,2222285,1
340,65,42969252,1
Poloniex.com,Matbea.com,762766615567,11
Poloniex.com,70848490,164761652273,1
2812638,73021461,16694016,1
PocketDice.io,Xapo.com,9804825,7
1223410,Bitstamp.net,62764940,1
1356141,ePay.info_CoinJoinMess,300000,1
219,14,4913003990,2
16371,94,5427358,1
398,Xapo.com,3990605,1
ePay.info_CoinJoinMess,1300,199969211,1
0,639,37740,1
35,1502175,29969209,1
Bitstamp.net,157,3052594887,4
Cryptonator.com,60,69256602,2
5291,20,45376680,2
Xapo.com,Cryptopay.me,3029494480,25
848667,107,938049733,2
Poloniex.com,HaoBTC.com,338358699684,3
69670993,1075,36331675,1
33117,89971,2812887526,2
833,60,199859077,1
419,2387,2730122,6
1316,733,2000104874,1
MoonBit.co.in,HitBtc.com,1959913283,6
20,368,199871839,1
Poloniex.com,20,3589830126903,16
497,SpectroCoin.com,3050565252,86
3690470,37,152410364,2
354,4,164487514370,185
61,Bter.com,80000000,1
1332,Poloniex.com,114571618,2
Cryptonator.com,158,14553430,5
71554939,891,455646542,2
60,860,10367624,1
20,72943668,903833730,2
72733252,163,10933766,2
74304306,Poloniex.com,2201023380,2
234,102,4739472,3
999Dice.com,275,27280641,5
71999630,96,4155480,1
821,131,41989416,1
Xapo.com,472,10871108,1
71137145,14,65803974,2
ePay.info_CoinJoinMess,Cubits.com,47348745,2
1182362,662,104335827,2
Xapo.com,SwCPoker.eu,6509897,1
MoonBit.co.in,7184,136673592,1
219,234,14931930371,1
Poloniex.com,25655327,9473619445,1
163,4,26126159,6
16021,29,16257510,2
3690470,1622,115770740,1
69121065,29,239758744,3
14,SatoshiMines.com,56219740,1
14,122608,4396677,1
MoonBit.co.in,491,1682230219,7
131,0,240372029,2
CoinGaming.io,0,1211531,1
BlockTrades.us,126,3791043,1
CoinJar.com,0,8856792,1
14,871,838504583,10
71343647,49,10854400,1
1332,29,119480865,1
20,73074752,595327393,1
776,YoBit.net,253715160,12
74304268,891,15390858741,1
Bit-x.com,Xapo.com,696017,1
YoBit.net,Bittrex.com,679947887,11
139,4,2832252895,1
158,7369,12109977432,12
BlockTrades.us,695,2212151,1
Poloniex.com,Bit-x.com,934753324872,11
39,62,1245139790,2
60,LakeBTC.com,444380092,3
354,523,4592434060,4
73649551,101,22098362,1
39,29378,509959237,1
695,Poloniex.com,29186197,2
71162813,ePay.info_CoinJoinMess,2410181,1
ePay.info_CoinJoinMess,290,8800608655364,418
2461,70953245,1241242,1
Bitstamp.net,331,1082910428,1
2323,131,7907860685,8
189,290,10953179,1
9714,Poloniex.com,1049037435,1
1654888,292,844114322,1
61,7447,510349289,1
1182362,163,32585658,1
157,FortuneJack.com,55933568,4
Xapo.com,4597,80203876,1
Poloniex.com,Bitcoin.de,1874435341942,19
Poloniex.com,CoinPayments.net,410608828244,3
0,999Dice.com,103057368,51
4033,189,126978967,2
0,Cryptopay.me,75754823,43
74304268,14,17032631673,8
MoonBit.co.in,17427381,262031582,1
Xapo.com,0,9128265228,152
20,195,488015385085,779
469,0,7348212,1
1004,Rollin.io,802242,1
65,YoBit.net,15398786,3
14,CoinHako.com,5453249066,8
CoinMotion.com,343,390035057,1
833,BTC-e.com,239340485,3
37,860,1591727226,2
1654888,Poloniex.com,16541794539,35
129,Huobi.com,64969293,1
735,BitoEX.com,2329751,2
73858713,Poloniex.com,2944163,3
20,71163236,233260885,1
14,29549,272331655,3
396,189,959837024,2
2380,Poloniex.com,27953044,1
0,19671,6739667,1
74304268,491,150469402,1
Xapo.com,999Dice.com,2560716599,51
700,491,9920659,1
73362600,Cryptonator.com,1417436,1
131,Luno.com,676689684,1
70063369,102,284299387,1
20,70482303,45330570,1
37,811,159302694,1
Poloniex.com,Cryptonator.com,2279666131939,31
746299,391,29999790000,1
71423294,49,1531024,1
Xapo.com,391,1349896295,4
Bitcoin.de,Bittrex.com,739872787,2
0,1272,1746331,2
74252166,290,12958204112,1
51,563,30473338,1
20,1123,722550389,1
Poloniex.com,472,1628198198303,9
139,122,1690437532,1
7277,5611,16380,3
3167082,432,19053218,4
0,859,167472360,1
MoonBit.co.in,27795622,136673592,1
129,2811,1000766422,1
71554939,Cryptopay.me,172339078,3
777,Cubits.com,4625857,3
Bitstamp.net,Rollin.io,1517255399,2
354,37,10371736861,11
391,61,5874499,1
776,158,133711881,7
32404,BTC-e.com,219972880,1
227,289,11051142,1
175,Bittrex.com,84564000,1
292,1090,4173584,1
1654888,162,2490843623,5
ePay.info_CoinJoinMess,1566,771512824631,37
354,60,96162089117,107
Cryptonator.com,Hashnest.com,13497388,2
Xapo.com,6252,14303000,1
73780317,354,46329754,1
ePay.info_CoinJoinMess,1123,128713313,1
5714831,14,10483888533,9
776,154,82348928,4
0,29,1767130548,132
MoonBit.co.in,Kraken.com,481307366,2
Bitstamp.net,MercadoBitcoin.com.br,1722481147,1
HaoBTC.com,Bter.com,600413756,3
20,2143,1638644019,2
217,999Dice.com,4156779,1
MoonBit.co.in,1450,3332214572,14
Bitstamp.net,CloudBet.com,4913476246,3
0,1090,19810227,9
BX.in.th,152,180004933,4
CoinGaming.io,Xapo.com,4005847,1
Poloniex.com,0,9225159261908,99
60,158,492282754,1
Bitcoin.de,Poloniex.com,3057876833,9
108,45641,6695011,1
233,289,1000000,1
238,107,991722864,1
Cryptonator.com,1575,5040118,2
131,122,9356976342,40
SlushPool.com,Kraken.com,1374129460,1
MoonBit.co.in,YoBit.net,8465061447,32
0,189,21613311,13
0,662,569405,3
189,0,19032649,2
46590,51,265892118,10
74252166,6075,12958204112,1
39,108,567897332,1
87610,Xapo.com,4708802370,21
107,1332,200000,1
1654888,158,8084063862,14
70167655,60,541081305,1
51,283,208309391,3
69931048,0,9972880,1
17548750,ePay.info_CoinJoinMess,3075256,1
1622,YoBit.net,17129461,4
37,275,1794931332,7
11959,Cryptopay.me,6412424,1
398,163,2431426,1
94,29,594620393,9
16621,14,762277,1
74304268,VirWoX.com,1760771616,1
916927,152,487306,1
YoBit.net,37,14223564,4
20,1316,10225956423,1
SlushPool.com,37,1429192716,1
14,315,176255432,2
129,269,3977936,2
60,131,12214745945,2
BitBargain.co.uk,343,79940006,1
1654888,289,1608598097,3
SlushPool.com,774,1534432907,1
64740,Poloniex.com,59153654,2
69356263,44,3280560,1
73362600,860,4385168,1
238,276,83303397,1
70927666,73832962,20357383,1
ePay.info_CoinJoinMess,Cryptonator.com,46506070504,30
354,22291,1628471073,2
ePay.info_CoinJoinMess,371,21271271549,3
BX.in.th,CoinGaming.io,136559231,3
1070,Bittrex.com,5999408,1
ePay.info_CoinJoinMess,Bitcoin.de,187670448139,10
71659609,72498472,16672880,1
163,37,50590022,1
Cryptonator.com,491,3860807,3
74304268,Bitcoin.de,18870586594,6
73153085,860,5371092,1
4,101,39024674,2
87610,Cryptopay.me,178685260,6
2230,9,8094122,2
YoBit.net,154,6500050,1
72550682,96,4610465,1
13864293,Poloniex.com,2479884791,1
71624909,0,28999980642,90
74304437,96,25222081,1
14,Cryptopay.me,11211590829,38
73674988,4,49880,1
14,298,3401036419,15
94,Xapo.com,559795581,3
Xapo.com,371,2271047648,26
354,Bittrex.com,139176162206,150
18135600,BTC-e.com,112137360,1
73231288,49,13968680,2
Poloniex.com,1252,770587727506,2
354,YoBit.net,207048777078,220
776,833,41174464,2
848667,102,104547646,1
6300,20,40290300,1
117,Cryptonator.com,50255854,5
1228047,101,138878712,1
999Dice.com,7103,427688950,16
Bitstamp.net,175,3015245131,1
0,BitPay.com,1299479,1
354,421,33384930493,35
71293840,BTC-e.com,228812880,1
BX.in.th,107,983705047,2
1798,Xapo.com,89916195,2
74143867,44,4472880,1
879,BitoEX.com,4179921212,7
71711665,96,9423172,1
74304268,4689,11771878744,3
71554939,2238,418664502,1
6300,387,2135452300,2
1316,91,18803044731,7
157,Luno.com,18863603,1
Bitstamp.net,70063369,15464617595,4
276,HaoBTC.com,315735829,1
Poloniex.com,VirWoX.com,1690891059566,8
70167555,71528260,64096,1
102,14,168601602,2
37,CoinPayments.net,114858486,1
71624909,102,329798989,1
BX.in.th,0,32342582,1
157,PocketDice.io,20432456,3
1215,73806401,977156653,1
53061831,129,6139555,1
71842975,BitcoinWallet.com,26222870,1
Bit-x.com,14,6094702,1
354,371,753954024,1
60,Bittrex.com,17723928118,20
219,Cubits.com,31319410147,3
Bitstamp.net,CoinMotion.com,42016687186,1
0,39,79382463,8
CoinGaming.io,CoinTrader.net_LocalBitcoins.com,18475769,1
11907,37,156440600,3
30261,60,1371459911,1
144847,354,3026688,1
87610,101,33984098,1
776,1805,27080918,1
Poloniex.com,Cubits.com,3860855561594,52
61,YoBit.net,6100029,1
13921,HaoBTC.com,9617630768,4
354,CoinTrader.net_LocalBitcoins.com,9364755634,11
71554939,227,417966219,1
2781097,189,986378,1
72734199,29,4216722,1
292,170,2145193,2
72943763,14,514603138,2
71580560,75,53202964531,12
SlushPool.com,31156,1398188251,1
432,139,4141321,1
MoonBit.co.in,695079,240653683,1
18831,0,5224100,1
70087527,44,658410,1
396,398,1228772097,1
33117,YoBit.net,14064437630,10
Poloniex.com,424,405091164761,1
354,ePay.info_CoinJoinMess,5586776637,5
ePay.info_CoinJoinMess,Huobi.com,17120436142601,817
46590,YoBit.net,10727309,1
0,Cubits.com,4005451627,578
20350828,62,789560160,1
4403,BTC-e.com,19192607,2
391,CoinPayments.net,1034502,1
776,1149,61761696,3
71895117,73231267,7312917,1
20,108,1141147358,4
4,58267,11730357,1
33117,32384,2812887526,2
74065658,275,537670,1
94,20,4447520059,3
163,CloudBet.com,302056351,22
MoonBit.co.in,5941,262031582,1
MoonBit.co.in,2465,136673592,1
8063818,129,1062880,1
252,70743462,2313650,6
MoonBit.co.in,72944088,262031582,1
1805,44,1420394,1
122,5714831,75098774999,38
144847,Bitcoin.de,1976641,1
152121,170,837191995,2
3531,14,7487880,1
YoBit.net,FortuneJack.com,17717135,2
BX.in.th,1567,771511340,1
MoonBit.co.in,69697196,262031582,1
20,883,3418720233,8
2812638,73545436,10883779,1
8889192,Poloniex.com,108719350,1
1228047,10503,1632516824,4
Xapo.com,117,67616204,4
MoonBit.co.in,115620,240653683,1
87610,371,1645812339,3
2877763,0,1231000,1
39,276,4185272540,4
65372,Xapo.com,6181810,1
1575,Luno.com,25430724,1
1123,14,17722372,13
13921,Poloniex.com,2404407692,1
848667,5026,404139764,1
1612,563,53285141795,5
51,Poloniex.com,31479411,3
Poloniex.com,999Dice.com,1520648692962,9
74304268,421,36288530230,9
864,BitBay.net,3810248307,4
131,223,999963000,1
69461667,69302877,6581354,1
126,20,1669945992,1
70063369,CloudBet.com,139798086,1
69955051,999Dice.com,705082,2
74304268,2922,4421317477,1
75,Poloniex.com,156834252,4
117,491,805634,1
SlushPool.com,523,2704504688,2
Xapo.com,139,3562366,1
107,Cryptopay.me,18102560,3
1228047,CloudBet.com,1800415321,10
70482085,29,23078847,1
175,101,27968360,1
37,891,153421882,1
73778420,BTC-e.com,177945,1
Xapo.com,331,662995531,12
0,7036,4969943,2
354,1450,43364659315,46
YoBit.net,523,2018114,1
7307396,20,33912394,1
14,1622,175807771,1
74304268,LocalBitcoins.com,2968554390,1
20,1138,8530896140,9
1901,Luno.com,1699021,1
72445697,20,134883446,57
MoonBit.co.in,Rollin.io,343851920,1
8900,7447,3600135600,1
ePay.info_CoinJoinMess,129,241431009,1
20,CloudBet.com,15358874571,24
1316,Rollin.io,7624718100,2
61,CoinTrader.net_LocalBitcoins.com,2355616,1
354,883,2416084685,2
73545461,158,1303084,1
0,61,303438514,55
SlushPool.com,20,1330375228,1
1182362,Cryptopay.me,81859675,1
4,662,12873354,1
74042069,1306,7012880,1
60,27583175,7246964680,14
Poloniex.com,CoinJar.com,690897796903,2
129,340,13143240,2
1123,Xapo.com,7049252,4
4661129,ePay.info_CoinJoinMess,1061593720,2
69723207,69,3381360,1
Xapo.com,170,4255525145,51
73336369,Xapo.com,168775,1
2214,107,221751663,1
73022039,1588901,26229781,1
ePay.info_CoinJoinMess,71607163,20851697963,1
2218,Bittrex.com,75530165,7
307824,29588,18042714,1
37,4,599282903,1
3223,276,34181990,1
175,CloudBet.com,214837091,2
70638973,44,3430230,3
69932496,72495495,5077355,1
804,29,642146585,1
37,Poloniex.com,7460538771,22
Poloniex.com,CoinMotion.com,405091164761,1
MoonBit.co.in,170,41638394151,171
14,62,5661122942,8
Bitstamp.net,HaoBTC.com,830741140,1
107,14,422158945,28
Poloniex.com,73648988,16638471671,1
FYBSG.com,Bittrex.com,542668209,1
1654888,27723,192734367,1
61182609,1805,11692708,1
69618207,Xapo.com,2618854,1
70586632,4403,3299800,1
48011494,396887,5894033,1
4,1567,119080021,1
1622,129,100945797,1
26220,BTC-e.com,827123312,3
Bitstamp.net,72907925,212910830,1
354,2899,4570515768,4
YoBit.net,35,173708983,5
ePay.info_CoinJoinMess,Matbea.com,41703395926,2
72943763,23421989,255405650,1
0,PocketDice.io,18028486,22
1654888,227,2643075417,4
16620649,1075,251925,1
269,158,2623732,1
354,57,94763916101,90
37,14,9012810169,31
72943763,YoBit.net,497614811,2
1228047,391,67927356,1
5162,387,285716876809,7
187094,269,1509257100,1
354,0,1489837854199,1567
1654888,HolyTransaction.com,506738377,1
1235,BTC-e.com,141267273,2
70480243,96,686801,1
354,69251969,1245928690,1
71529017,29,446801180,1
MoonBit.co.in,6166631,343851920,1
72943763,Cryptonator.com,1015736835,4
70244175,44,2564198,1
37813,Hashnest.com,15444394,1
14,39,1126972703,2
1228047,170,585712198,3
57,14,12566096,2
72052055,71241457,63266367,1
60,HappyCoins.com,6033868623,2
354,804,1744974244,2
74329159,CoinGaming.io,115926311,1
53061831,Poloniex.com,6674980,1
14,BitBay.net,89999232843,190
TheRockTrading.com,Poloniex.com,76203571,1
864,391,60454139,1
ePay.info_CoinJoinMess,BX.in.th,21726117766,7
72236594,71555142,7410095,1
2230,Bitstamp.net,39732439,2
69409004,44,510425,1
18972,SpectroCoin.com,54446329,7
0,371,28726627,10
71581193,Bittrex.com,187602972,1
ePay.info_CoinJoinMess,71424013,20851697963,1
129,5026,36920121,1
4833806,234,107947990,2
72471893,72576975,34945760,1
71005136,69,814630,1
YABTCL.com,Xapo.com,903720618,1
1123,20,2747035,1
0,BX.in.th,11173885,3
ePay.info_CoinJoinMess,6075,41703395926,2
39779325,999Dice.com,20034039,1
74304286,860,135251946,1
2218,883,9737115,1
71005890,74015330,1469911,1
70560797,Poloniex.com,508058,1
Xapo.com,107,7101969006,26
60,898,408402844,1
Xapo.com,223,1671174164,3
MoonBit.co.in,331,5852829833,29
0,SatoshiDice.com,4146940,1
73568790,Bittrex.com,34654691,1
87610,Bittrex.com,396356700,1
71764452,44,1677556,1
70636270,61,7179029,1
999Dice.com,BTC-e.com,10881100,1
ePay.info_CoinJoinMess,Cex.io,62555093889,3
74068030,71764137,6152300,1
801,MercadoBitcoin.com.br,122065088,4
131,386,57639825,2
72577133,523,4186837,1
87610,ePay.info_CoinJoinMess,192796316,6
20,70429846,95820840,1
Xapo.com,BitcoinWallet.com,56015088,4
106268,0,21644676547,2
Bitcoin.de,60,4412243045,7
14,234,594131790,4
20,PocketDice.io,2544763802,4
163,20,213000193,1
72288994,44,2436670,1
74251827,163,19932685,1
74304268,Cryptopay.me,29982582240,8
71624909,170,988598415,3
Poloniex.com,417,2053027142316,22
5291,14,1110208,1
72838825,72970162,814319,1
0,4544,4408284,1
2218,Poloniex.com,92056251,9
2465,4,2103082,1
354,158,400578449884,441
71476712,6484665,335890240,1
MoonBit.co.in,BTCJam.com,343851920,1
3690470,60,25173624,1
14,891,4657295765,8
ePay.info_CoinJoinMess,801,241431009,1
354,34293,1245928690,1
37,BTC-e.com,2378773649,4
PocketDice.io,777,1068724,1
ePay.info_CoinJoinMess,641,13383251,1
163,811,3014351,1
1228047,BitcoinWallet.com,183088811,1
OKCoin.com,276,57121028527,13
354,162,8843171234,8
219,BTC-e.com,22885285860,4
MoonBit.co.in,61351,136673592,1
354,Cryptonator.com,237639865725,256
129,152,605309644,2
74330318,49,2233720,1
1142085,52908,144444710,1
117,158,2696584,3
20,286,5692236321,17
14,BtcTrade.com,82675260,1
117,269,777585,1
Poloniex.com,Bitstamp.net,4751050090607,46
74304268,YoBit.net,407820833870,81
2160,252,194570,1
267,ePay.info_CoinJoinMess,1366473,1
4823363,Bitstamp.net,249980000,2
6246,BTC-e.com,530796500,1
14,85102,20250741,1
51,46590,103316638,2
629,20,19696265,1
298,HaoBTC.com,101056832,1
YABTCL.com,732,4635766018,5
70087411,44,11380422,2
MoonBit.co.in,72498594,240653683,1
4833806,269,43275166,1
SlushPool.com,331,1276387714,1
4833806,35,48270382,1
61,16021,18318837,2
14,276,125591809,1
MoonBit.co.in,157,584505603,2
MoonBit.co.in,AllCoin.com,240653683,1
74304268,37,5651933452,2
YoBit.net,289,13037392,2
ePay.info_CoinJoinMess,HolyTransaction.com,384432125,2
662,999Dice.com,1051869,1
SafeDice.com,BitoEX.com,2255912,1
0,91,148034364,101
102,94,20098677,2
58766,Poloniex.com,12949373,1
CoinMotion.com,44,6802796,2
0,12243,8839168,1
62915604,860,75964444,1
1004,CloudBet.com,20364765,1
217,833,43314346,2
354,56918,1165764014,1
YoBit.net,417,15950213,1
35,Cryptonator.com,8570573,1
0,FortuneJack.com,317918423,28
361,371,426870918,3
71711888,44,5965271,1
354,491,6279952570,7
4833806,Xapo.com,145976867,4
1228047,74226354,478384889,1
14,91,83460881849,269
129,35,14201957,3
1142085,ePay.info_CoinJoinMess,48520754,1
PocketDice.io,497,1040008,1
72811600,44,3689554,1
39,Bittrex.com,6421554451,7
Poloniex.com,1575,104565646118,3
20,60,790430180,1
72891494,Poloniex.com,802698,1
14,73674988,79751371,1
20,SwCPoker.eu,1610496497,1
469,Poloniex.com,9503048,1
30745899,2055,20155120,1
60,Luno.com,51078741877,4
22457176,Cryptonator.com,86060210,2
25918,Xapo.com,4750806,1
70769264,152,2129223,1
1223410,CoinTrader.net_LocalBitcoins.com,69276981,1
73126935,73832987,2766170,1
101,Xapo.com,16547867,3
3273,129,14464520,1
BX.in.th,223,5474550757,9
20,74042069,1243068569,3
72524837,Bit-x.com,1570132,1
33117,227,2812887526,2
4833806,MercadoBitcoin.com.br,50591078,1
5714831,107,9524514,1
848667,Cryptopay.me,886420779,2
0,62,249563591,11
348,811,3015379,1
777,ePay.info_CoinJoinMess,3106435,2
33117,CoinJar.com,2812887526,2
Poloniex.com,3415,368968420371,1
Xapo.com,662,16070488,1
BX.in.th,ePay.info_CoinJoinMess,436299643,9
70927450,44,13898338,1
14,371,2484072563,8
5165175,107,399963670,1
61,51,159335765,11
Xapo.com,BTC-e.com,135660044,19
354,152,54268569069,55
14,17359,2397838075,1
300441,421,53698572,1
108,29,435887324,22
35,BTC-e.com,6544267,2
14,Kraken.com,17169509,4
70585671,44,1938977,1
73100528,62,9452480,1
70404041,29,80025089,1
71554939,1575,599280006,2
Bit-x.com,29,125113892,5
61,283,5100520,2
Poloniex.com,57,1040783589589,4
Poloniex.com,101,314748450813,3
39,Luno.com,2057683596,1
Bitcoin.de,Xapo.com,907705904,1
219,39,16914202040,2
45539,105520,501890322,1
20,70377464,1100074075,5
276,0,5838116,1
72179535,29,74090525,2
157,9,35029120,2
Xapo.com,1179817,2701892,1
ePay.info_CoinJoinMess,Bleutrade.com,178142577,1
821,122,2616950000,1
73151810,70455593,19855680,1
848667,29,5211434742,17
9197109,1622,38833351,1
776,BitBay.net,69366778,3
102,BTC-e.com,31909231,1
Poloniex.com,BitoEX.com,1174493545535,8
BtcMarkets.net,BTC-e.com,43039950,1
2218,158,51633719,5
396,PocketDice.io,1481351048,3
72288388,Bittrex.com,1141922,1
73597804,491,837802,1
20,70402136,32746948,1
1228047,497,1586073743,9
17548750,20,176975116,21
1272,195,1635320,1
391,4,36686181,1
4661129,1123,74987,1
Poloniex.com,FortuneJack.com,736853325443,3
289,2218,164023,1
46590,Cryptonator.com,143612382,2
ePay.info_CoinJoinMess,46999,20851697963,1
Poloniex.com,348,199631087799,5
126,163,86701321,2
SlushPool.com,Bitcoin.de,24317999739,15
70272383,Xapo.com,201036152,1
71110666,69,211426130,1
4,Rollin.io,91509081,10
39,29,20341526684,16
4689,Cryptonator.com,54930345,1
MoonBit.co.in,73100100,343851920,1
74304268,238,1913060152,1
Cryptonator.com,283,1020600,1
331,66961,91432741928,4
354,CoinSpot.com.au,1761289071,2
70901422,71293598,30158575,1
1654888,Bittrex.com,2115738572,6
Cryptonator.com,348,7800077,1
72156964,0,25455840,1
72969927,131,13821948,1
71476557,340,12351456,1
849,Cryptopay.me,1043241671,1
157,398,40104855,3
1450,833,1928153,1
Bitstamp.net,CoinPayments.net,70117666031,2
FYBSG.com,22344,309814703,1
20,158,651489696,3
ePay.info_CoinJoinMess,289,63994392496,11
33117,425674,2812887526,2
1228047,Rollin.io,290517370,2
154,14,8580971,2
SatoshiDice.com,29,1887394,1
776,ePay.info_CoinJoinMess,324898401,15
6300,276,312447800,1
Poloniex.com,35046709,16019098385,1
126,0,465306506,1
354,107,36696616118,36
777,163,3029521,1
5714831,117,384186350,1
4,Luno.com,81470126,1
233,284,16500060,1
126,60,14073533189,4
1654888,13398,1435882955,2
387,20,3331016740,8
27914256,29,15712684271,6
0,65947189,1750000,1
848667,284,984523958,1
Bitstamp.net,7036,676352212,1
4833806,102,79719837,2
139,131,25182459698,4
MoonBit.co.in,107,2758105485,10
175,2323,1792724,1
848667,ePay.info_CoinJoinMess,1906716858,6
14,387,56219740,1
13585,859,999961920,1
71267430,29,3327880,1
61,29,13250736852,213
71424190,0,8789920,1
102,MercadoBitcoin.com.br,5939418,1
69173230,44,646350,1
102,1622,2598728,1
Xapo.com,283,726106256,11
1332,2027,264892682,1
776,883,21698628,1
60,70508421,4272862,1
641,ePay.info_CoinJoinMess,2118896,1
17548750,0,12236577,1
0,1123,12974962,11
60,Cryptopay.me,15730792085,3
37078943,101,1893035,1
25695512,1373840,7127009,1
71554939,233,181628528,1
776,0,3705102810,174
73020151,69,3345525,1
61,269,3000453,1
0,CloudBet.com,248803691,69
848667,331,2405548232,8
Cryptonator.com,639,1300723,1
ePay.info_CoinJoinMess,1151,20851697963,1
354,2844,2021944804,2
102,871,43476320,1
Xapo.com,94,57028510,2
25914,158,244439,1
39,484,220370869,1
65372,BX.in.th,13353430,2
22344,0,305086456,1
5714831,Hashnest.com,81824572415,1
5714831,3348,3185612623,2
72837895,238343,20219040,1
801,732,36657180,3
Poloniex.com,Xapo.com,8090485620437,76
3167,BTC-e.com,43476979,1
Cryptonator.com,269,1133521,1
396,FortuneJack.com,160662923,1
46751,Xapo.com,3410369,1
73937015,348,19385274,1
BX.in.th,391,319983081,1
326396,ePay.info_CoinJoinMess,19999906530,2
5162,Bter.com,775517237053,19
Xapo.com,35,134966788,5
71110909,44,15685421,1
2218,72944088,9737115,1
Poloniex.com,10438691,228150931501,1
MoonBit.co.in,72863582,240653683,1
Bitstamp.net,74147394,25046092,1
276,139,49999950000,1
Bitstamp.net,276,25286666061,3
19671,Poloniex.com,85658360,1
74304268,175,31364369201,9
70953247,44,702696,1
Bitstamp.net,107,1441649779,2
354,223,2057675348,2
Bitbond.com,Luno.com,102757350,1
354,Paymium.com,807488754,1
354,CoinMotion.com,2563014733,3
1228047,5801,382450483,2
YoBit.net,1622,177131932,10
0,Luno.com,106812492,20
CoinGaming.io,139,2001000830,1
50651,39,894957736,1
Cryptonator.com,233,2787271,2
354,1391,4677552805,5
1612,424,42628113436,4
37,60,2005985996,3
35,340,4195633,1
70324700,49,1661200,1
57,578,3117614,1
11211025,4,83036787,4
SlushPool.com,1450,1534432907,1
ePay.info_CoinJoinMess,14792907,20851697963,1
163,0,11018160,1
20,4403,2087711933,1
163,Cubits.com,53142931,6
4,283,236043159,14
1120,YoBit.net,103365911,1
14,102,8970419493,30
69852987,497,64855147,1
20350828,19768,1382177280,1
72312637,29,3373500,1
39,Poloniex.com,290075332263,27
1004,Xapo.com,25751330,2
0,OKCoin.com,1147645,1
Poloniex.com,13637,6390792228,1
999Dice.com,1123,202854774,1
396,Luno.com,515801356,2
7277,4,5460,1
74304268,37686970,12416787,1
4,386,100976255,3
0,72786442,873298,1
YoBit.net,491,2659214,2
MoonBit.co.in,73545461,136673592,1
126,14,44008610,1
74250503,391,86338,1
0,CoinJar.com,979598,1
70796098,44,13677750,1
102,859,12050973,1
39,1432,7999959416,1
73751904,49,6843710,1
276,Cubits.com,15179926,1
11872,60,1764708,1
233,0,19279000,1
Xapo.com,SatoshiMines.com,751791254,26
BX.in.th,55442,34801335,1
BX.in.th,14,76196120,4
71554939,29,198796623,1
14,69197676,78431660,1
0,578,1166953,5
354,417,791909387,1
199717,94,2998750000,5
7277,CoinPayments.net,5460,1
0,70010632,4412804,1
ePay.info_CoinJoinMess,20,20851697963,1
HaoBTC.com,276,109320643,5
848667,62,1260790808,3
3370,CoinJar.com,691132649,3
72970162,4403,739277,1
942,0,3900716,3
29122317,811,4798529,1
0,234,463240,1
4,598,13561558,1
289,129,21451421,1
354,1182,866084976,1
74304487,69461667,16712480,1
189,883,4522912,1
157,ePay.info_CoinJoinMess,38505107,2
184809,91,4564185424,38
340,391,11200413,1
74304268,107,24803082729,2
639,Cryptonator.com,6626456,5
387,1226,205424597,2
4689,354,360825040,8
5162,OKCoin.com,489800360244,12
BitBargain.co.uk,ePay.info_CoinJoinMess,209910101,1
5714831,491,125905471,1
SatoshiMines.com,Poloniex.com,1420259,1
43431,MercadoBitcoin.com.br,29824083,2
0,2055,1983840,1
71163182,44,3862282,1
999Dice.com,289,1827161,2
41887342,73256837,26700401,2
4,Cryptonator.com,10115290,1
396,223,3140968822,1
MoonBit.co.in,74304299,343851920,1
1654888,5959635,374857942,1
102,BX.in.th,20936920,1
37,107,1095692142,1
2230,Poloniex.com,6060000,1
4689,292,109860690,2
217,Bittrex.com,204434166,6
354,LocalBitcoins.com,17479013141,18
72289129,860,15605560,1
234,ePay.info_CoinJoinMess,12231570,3
BX.in.th,72367598,84803684,1
Xapo.com,69723466,3804400,1
4689,263,54930345,1
107,234,2360387,2
Poloniex.com,1332,358044621788,1
SlushPool.com,33822,1374129460,1
284,15693,3231069922,5
354,122,7896273469,9
354,BitoEX.com,9618494615,10
354,4641098,1068196698,1
20,CoinTrader.net_LocalBitcoins.com,624105510,2
41701,29,11940912,1
ePay.info_CoinJoinMess,298,229511678709,12
73335558,39,18972880,1
ePay.info_CoinJoinMess,4,47204068579,65
26220,29,532925516,1
20,49,65757828229,94
238,417,45338053539,22
354,6491115,1501896140,1
276,326396,10000100183,1
SlushPool.com,HaoBTC.com,1276387714,1
1182362,ePay.info_CoinJoinMess,56555797,1
2218,Xapo.com,150478941,15
71263388,Cryptopay.me,221030,1
234,14,8848491,1
14,733,192208393,3
71789096,275,1072880,1
0,ePay.info_CoinJoinMess,140726815,125
9306,Bittrex.com,1617578,1
70482303,0,13123030,2
163,BTC-e.com,17500129,1
864,871,11232956,1
Bitbond.com,Poloniex.com,35233074,1
Poloniex.com,Bleutrade.com,45924270802,2
70063369,891,3913338887,11
157,275,11589500,1
Poloniex.com,871,17075458495,1
39,BitoEX.com,524941006,1
73698207,49,887192,1
72445697,1123,36336294,12
27914256,ePay.info_CoinJoinMess,1259988236,1
71624909,175,611317280,2
71554939,0,2490407367,8
ePay.info_CoinJoinMess,5348,20851697963,1
ePay.info_CoinJoinMess,58809,20851697963,1
354,59881034,885665212,1
14,20849,141889446,9
70796386,49,4108655,1
73544837,44,1658480,1
776,BTC-e.com,107381744,5
4661129,29,39573248,2
1226,387,101042336,1
27140713,275,120492480,2
43431,Cubits.com,18606813,1
1149,Xapo.com,1829950,1
7645,472,1685317356,2
74304268,74278522,1060210762,1
1228047,71659609,84850914,1
Poloniex.com,298,5520919167,1
BX.in.th,SatoshiMines.com,694863,1
154,102,45468920,3
469,12831237,8928212,1
5291,58766,7223708,1
8633,Cryptopay.me,193714672,7
57,ePay.info_CoinJoinMess,5898612,1
72734199,70665172,8462880,1
28669643,29,8754760,1
354,HaoBTC.com,3450598570,3
69670966,BTC-e.com,33600080,1
60,37813,1653897432,1
ePay.info_CoinJoinMess,62,147144762,4
40189,126,17297197,1
CoinSpot.com.au,Bittrex.com,29972823,1
1567,BX.in.th,538155244,2
72367940,72865073,336422852,1
20,CoinGaming.io,35276603879,69
14,11944,659746023,1
60,175,3492209588,1
14,60,610932922,3
14,170,2100731473,8
Xapo.com,49,13771778,2
102,275,3521870,1
72943763,154,257301569,1
131,491,1576111000,2
71624909,371,973199375,3
163,Bittrex.com,5100820,1
1612,HaoBTC.com,184746266369,18
20,275,11160102584,12
7148678,29,151347280,3
CoinSpot.com.au,354,7145606,1
4,1090,8460860,1
69906500,4,34969006,1
129,CoinPayments.net,1754345,1
Xapo.com,Matbea.com,12318543,1
7035146,91,74972880,1
131,Cubits.com,241060200,1
Xapo.com,Bitcoin.de,2094384,1
CoinGaming.io,94,2180683,2
MoonBit.co.in,1149,1497211644,7
72550356,62,6846423,1
70744193,70272383,704390368,1
189,Huobi.com,57891260,1
1298156,BTC-e.com,6261440,1
152121,4,1003582198,5
22974624,29,905424,1
MoonBit.co.in,72262805,343851920,1
BX.in.th,4,2700663677,27
MoonBit.co.in,16621,660736756,3
39,YoBit.net,9239943082,1
70848252,20,3041594,1
CoinPayments.net,2779,970239902,92
4,122,114222463,1
5330317,4,153490,1
1575,91,314283459,1
MoonBit.co.in,61,262031582,1
801,891,50293926,1
44862,354,1082731200,1
72969927,Bitstamp.net,17741087,3
37,91,1000770190,1
354,Hashnest.com,9261758464,9
848667,Bittrex.com,2845906857,6
14,58474589,82881368,1
7645,BTC-e.com,842658678,1
51,5026,27415947,2
21145622,62,47945760,1
20,72943679,278691949,1
MoonBit.co.in,Bleutrade.com,3101957405,11
70351573,5269835,2995963,1
152121,883,31294635,1
50651,898,894957736,1
19280,39,22779825051,1
195512,BTC-e.com,6098045,1
Poloniex.com,MercadoBitcoin.com.br,4281679305812,38
71554939,20,412101829,1
54597475,Poloniex.com,42948057,1
Bitcoin.de,163,262878754,2
Xapo.com,102,304676791,13
71554939,73754556,66290408,1
0,398,57514914,13
289,Bittrex.com,108591073,1
2230,FortuneJack.com,15117007,1
157,14,34109248,2
354,20293,979185208,1
1450,BTC-e.com,2947538,1
71005889,1075,888400,1
354,19626,1409537473,1
HaoBTC.com,289,9507308,1
2922,3120,6105585,1
45000,331,15002070411,2
Poloniex.com,371,562645535598,11
0,1075,7958408,3
73596404,29,1453133977,1
4010,326089,75869212,1
73674662,777,14300,1
0,57,7331275,2
ePay.info_CoinJoinMess,OKCoin.com,14074896125025,675
170,71554939,462735535,2
5714831,Cryptopay.me,2529872946,1
19742,0,13485896,1
71263388,Cubits.com,211371,1
72550781,69,3068150,1
14,MercadoBitcoin.com.br,6106324616,18
74304437,491,21724961,1
3211,354,604266297,3
33240533,96,16497712,1
72367051,0,479654,1
340,YoBit.net,57622285,8
Poloniex.com,1622,458957619827,10
SafeDice.com,0,12007528,1
61,16177,308368525,3
4833806,HitBtc.com,35685536,1
Poloniex.com,75,39564210061,2
14,34476,104817211,1
72524261,4210,4174031,1
SatoshiMines.com,4,17658814,8
745,CoinGaming.io,13141599,2
73806401,BTC-e.com,2400550000,1
26220,20,145597762,1
4,Xapo.com,394957054,11
BtcMarkets.net,Poloniex.com,599867356,1
4,189,89061262,4
14,1316,1997958654,11
Xapo.com,MercadoBitcoin.com.br,6377863643,27
662,CoinHako.com,9718307,2
MoonBit.co.in,71371661,262031582,1
MoonBit.co.in,1030186,262031582,1
Poloniex.com,Bittrex.com,35576615147087,265
35,9444,3710523,1
73231057,69984672,3347993,1
117,YoBit.net,811584,2
1654888,70560797,75127278,1
0,1566,27930,1
Poloniex.com,ePay.info_CoinJoinMess,5621683750271,35
SlushPool.com,57,16037086794,11
Cryptonator.com,ePay.info_CoinJoinMess,67102273,27
3455,91,8358283,1
4833806,Poloniex.com,866477010,9
14,CloudBet.com,94883701,2
4833806,162,28144925,1
3167082,Cubits.com,2425272,1
1585,44,566151900,1
MoonBit.co.in,39,502685265,2
745,BitcoinWallet.com,1273802,1
269,YoBit.net,7551838,1
0,70927666,4408284,1
139,267689,3355563177,2
SlushPool.com,421,1398188251,1
87610,Poloniex.com,1931981969,7
340,269,42441577,4
387,YoBit.net,14060604,1
26220,14,629241080,1
Xapo.com,386,50478851,2
354,94,30324839435,32
20,70377072,1066712415,2
1316,275,307257512,2
ePay.info_CoinJoinMess,OkLink.com,20851697963,1
999Dice.com,662,22554301,1
4,91,11909992,1
4,398,497348738,1
4,102,86109472,4
MoonBit.co.in,73022039,474592596,2
1622,Bittrex.com,9132751,1
ePay.info_CoinJoinMess,2184,771512824631,37
387,131,1548128052,2
695,29,1818198,1
MoonBit.co.in,199273,240653683,1
60,BTC-e.com,414149194,2
70166891,71895117,25284274,1
37600,Cubits.com,1833800,1
Poloniex.com,YoBit.net,25563867855487,222
0,3648,204967,1
14,Huobi.com,3646697687,6
276,39,2779778675,3
69382155,163,768000,1
340,189,21720901,2
641,SwCPoker.eu,2122127,1
74330176,44,127995319,1
30261,89971,1371459911,1
14,69487265,13638106,1
354,8096,807488754,1
916927,777,474447,1
152121,387,3141265043,4
2374,BTC-e.com,8288963,1
74304372,811,5833510,1
0,6252,103385,1
87610,SatoshiMines.com,509946220,8
71888167,70743462,493927500,6
Bitstamp.net,Luno.com,247604838,4
94,286,5945584,1
74330584,0,21792477,1
Xapo.com,YoBit.net,867140510,26
71555142,73963652,892008,1
60,432,2992454,1
72419823,286,4264894,1
33117,111090,11251550104,8
833,189,4895991,1
71624909,37,309824609,1
Cryptonator.com,999Dice.com,38619373,15
Rollin.io,1432,13979100,1
4661129,0,47368,1
33117,129,2812887526,2
22353081,74301842,4565736,1
Cryptonator.com,152,61444296,2
20,5801,5820142692,17
157,0,4196248,1
Cryptonator.com,PocketDice.io,3578787,4
39,163,249824456,2
14,421,6763257236,14
0,27914256,3125963840,1
0,9,13769957,24
117,227,463518,1
Poloniex.com,195,345296706721,1
35,37,17466720,1
1215,BTCCPool,67902460,1
Bit-x.com,Poloniex.com,143334388,3
189,348,7807329,1
2218,102,20948302,2
1138,163,63703340,1
1228047,544,446264141,1
69383113,44,4959142,1
61,13327,204777297,2
73832921,2895,1732494,1
71999630,49,3278360,1
MoonBit.co.in,1469,262031582,1
69199627,29,323168094,1
37,8241,31688123,1
94,BTC-e.com,131829402,2
73988605,398,8976960,1
1123,421,2034800,1
0,YABTCL.com,2106772,3
1654888,102,1224696090,2
0,73753391,864557,1
Poloniex.com,CoinGaming.io,848025210153,8
152121,732,43703135,1
60,859,565768025,2
Cryptonator.com,BTC-e.com,57740418,4
2055,BtcTrade.com,83849073,1
0,126,4137400,3
73466284,Poloniex.com,15939950,2
801,37,36372947,2
5162,HaoBTC.com,2897985464777,71
157,283,19004519,2
117,0,6593863,4
Poloniex.com,44555,2587537977,1
833,94,243786602,1
YoBit.net,72707854,27872408,1
MoonBit.co.in,152,1769305523,7
70272383,Bittrex.com,1094078839,3
14,275,9109039565,11
0,49,96756837,39
444,51,16597499,2
Poloniex.com,662,140452368985,1
746299,0,29999097370,1
69668803,LocalBitcoins.com,2867020,1
1654888,37,1336090516,4
801,Bitcoin.de,154559398,2
0,1235,4412804,1
35,Poloniex.com,190003767,14
Xapo.com,1805,37305600,1
MoonBit.co.in,371,262031582,1
117,14,999936538,2
75,Bittrex.com,246490697,4
348,BTC-e.com,2801000736,8
354,1227,3897973152,4
72969927,Xapo.com,7570052,2
14,340,517439504,1
354,BtcTrade.com,4780067479,5
152121,371,929697094,2
821,0,175532276,1
269,523,2389821,1
YoBit.net,2480,13727857,2
69670973,71085043,22506238,1
Poloniex.com,275,3809060775006,38
57,Poloniex.com,93245086,9
70665113,164,1301526,1
67264,0,3615486,1
70089433,163,62742641,2
Xapo.com,36222,594676053,6
20,70742548,856822560,2
203042,491,50989020,1
74304268,29378,2336398497,1
354,833,51643807030,56
BX.in.th,Bitstamp.net,943575930,2
4689,BX.in.th,35738595,1
1228047,Xapo.com,8418785157,38
848667,91,4695101267,10
72077658,0,1238591,1
1654888,Cubits.com,251128824,1
2218,MercadoBitcoin.com.br,100319294,10
107,417,97019000,4
3120,Bittrex.com,10577124,2
891,70063369,1504659081,2
14,CoinPayments.net,34991324018,93
74251827,CloudBet.com,25334628,3
3455,Bit-x.com,7913063,1
70901422,999Dice.com,50697360,2
101,LocalBitcoins.com,11046427,2
Poloniex.com,1798,18625519338,2
17548750,BitBay.net,2867033,1
71554939,4,429202350,2
157,Xapo.com,12553000,1
1228047,Cryptonator.com,357650441,2
391,Cryptonator.com,2760987,1
Bitcoin.de,BTC-e.com,1587284254,3
37,Xapo.com,12668757769,32
69199627,Luno.com,16481572794,51
46590,1090,62641606,2
5540,14,599900000,2
MoonBit.co.in,5825541,136673592,1
60,CoinTrader.net_LocalBitcoins.com,1159924038,1
189,Poloniex.com,620913323,24
71032337,Rollin.io,91298321,3
72943763,234,244922664,1
0,BTC-e.com,696227412,45
14,BitcoinWallet.com,4649838413,15
74304268,0,121807100917,31
MoonBit.co.in,809,240653683,1
73807167,72681535,39344372,1
391,Bittrex.com,7938889,1
Cryptonator.com,YoBit.net,2365775,1
ePay.info_CoinJoinMess,331,23297828475,16
4,942,91624098,2
39,BitBay.net,365086186,1
Poloniex.com,497,168589192859,3
11835,0,8442250,1
14,70796252,1738169824,1
999Dice.com,163,116426961,1
69278242,0,11512782,3
HolyTransaction.com,Cubits.com,6087995,1
14,BTC-e.com,5993177775,22
27914256,227,2786111867,2
163,YoBit.net,1107240,1
9197109,Poloniex.com,39972880,1
14,750,76344288,1
152121,275,91998064,1
71121318,2230,43688698,2
CoinJar.com,14,256800147,5
126,94,134157,1
73231720,BitcoinWallet.com,90567454,1
Xapo.com,639,11146435,1
Bitbond.com,37,1355605,1
219,139,5916013460,1
396,72367835,393741885,2
14,238,2676212161,4
238,Poloniex.com,2063081601,9
72367940,72182013,283473122,1
801,371,77345150,2
1654888,421,2198911713,4
YoBit.net,777,1122800,1
74304268,223,22024184735,3
1798,29,81925912,1
0,195,53107350,24
70037420,152,261497690,3
3690470,122,7856879523,2
70638973,1075,1731830,2
33117,BitcoinWallet.com,2812887526,2
33117,32840200,2812887526,2
2599249,1869138,59495620,1
4833806,37,125269157,2
60,CoinGaming.io,99934044,1
71554939,VirWoX.com,75949159,1
101,BTC-e.com,3900934,2
107,162,17312104,2
14,1070,148974602,1
391,BX.in.th,108023899,1
20,91,7059983839,19
292,275,8163600,4
Rollin.io,Poloniex.com,3497170,1
354,Poloniex.com,1386945596776,1493
39,Bitstamp.net,2399961442,4
14,292,13464714422,47
884,YoBit.net,245924405,2
4,20,37935548,2
13921,Cryptopay.me,2404407692,1
276,Poloniex.com,11576452266,5
801,883,14022046,2
39,FortuneJack.com,5838774,2
87610,BTC-e.com,680626769,2
27914256,289,11293572964,5
14,69147478,18146972,1
70063369,37,4868890911,15
69144722,2230,15157007,1
7645,Xapo.com,1685317356,2
74304268,CloudBet.com,23164030933,7
MoonBit.co.in,523,1235180062,6
292,999Dice.com,1701104,1
999Dice.com,292,1982496,1
SlushPool.com,91,1534432907,1
0,4620,6482395,2
Poloniex.com,122,1397936243999,11
361,MercadoBitcoin.com.br,3190864,1
70037134,69,5166418,2
60,1756520,2776478534,1
Poloniex.com,4597,34178345256,1
343,Cryptopay.me,3835275,1
129,3276848,50808994,1
1654888,57,1322232425,3
MoonBit.co.in,385781,136673592,1
27581020,14,28292475,2
MoonBit.co.in,Bitstamp.net,2726309674,13
ePay.info_CoinJoinMess,Poloniex.com,923286401071,56
69199627,163,646336188,2
73309178,44,1940102,1
0,421,43457105,7
Cryptonator.com,37,1473801,1
72837895,70508141,20183610,1
4,44,162111834,7
MoonBit.co.in,9925458,343851920,1
3531,91,7481676,1
Xapo.com,271437,101798888,1
1654888,18972,342379759,1
72627169,PocketDice.io,7472880,1
20,4,8678496415,28
14,CoinJar.com,5922000640,6
4689,YoBit.net,149840405,3
13864293,Xapo.com,16142993304,3
73492624,883,6291004,1
801,223,7653467,1
1215,BTCC.com,16786277,2
27914256,BTC-e.com,6727966755,2
9749,170,609940000,1
MoonBit.co.in,23555482,262031582,1
74304268,Poloniex.com,825773246861,235
848667,163,1852570256,3
PocketDice.io,3077,1184933,1
74226354,29,339287088,1
Cryptonator.com,Luno.com,1250032,1
Cryptonator.com,102,3156686,1
152121,152,1687992510,2
396,4,2329294369,7
1316,ePay.info_CoinJoinMess,4500552094,3
70743462,7277,32760,6
578,38346,102353351,1
0,70115345,2764698,1
776,Bleutrade.com,48779546,2
2218,331,19474230,2
1228047,60,2937812350,8
354,Matbea.com,17127890106,15
999Dice.com,421,53666711,8
Bitstamp.net,37,2544030008,1
354,FortuneJack.com,1788103349,2
340,Bittrex.com,95294442,4
235176,29,10499282,1
104837,Cubits.com,47270505,2
PocketDice.io,Cryptonator.com,9892286,9
46590,Poloniex.com,87842409,3
14,37600,507913827,1
Bit-x.com,129,2460402,1
396,70037420,55092704,1
Xapo.com,641,46006809,1
1182362,0,5556032430,95
2218,CoinPayments.net,19474230,2
Bitstamp.net,TheRockTrading.com,10901647652,1
2218,Bleutrade.com,9737115,1
768,Poloniex.com,4782514,1
267689,62,399959225,1
69853197,16763875,35100754,2
14,162,17010573901,26
0,102,1008370570,6
MoonBit.co.in,NitrogenSports.eu,343851920,1
4,163,450357954,26
5714831,175,17295233353,16
107,Rollin.io,511400,1
1654888,Bitstamp.net,784913152,1
69853197,14,146144713,2
1228047,14,7324283873,40
0,69749206,2277840,1
74094945,66164817,9977680,1
189,61,5806048,1
267,Poloniex.com,23823304,1
0,286,18117034,7
354,298,2514335085,3
ePay.info_CoinJoinMess,57,521712022661,27
7345,PocketDice.io,1749386,1
1182362,CoinJar.com,40371327,1
Xapo.com,2238,62689368,1
20,BitcoinWallet.com,12356346476,33
126,9,188704465,1
1575,HaoBTC.com,3931056786,2
108,234,1700005,1
Poloniex.com,189,1759508490521,26
641,Xapo.com,1122218,1
71624909,Poloniex.com,325323574,1
1654888,170,3674240932,9
1622,0,110503617,3
14,Xapo.com,187605120378,470
227,Cryptopay.me,1787077,1
354,154,7498610727,8
14,BitoEX.com,78235337648,249
776,HolyTransaction.com,65095884,3
MoonBit.co.in,14,10302097023,50
Poloniex.com,904,643725750326,2
139,3535,4941259007,1
Poloniex.com,4,4508035754585,32
60,4810,113958789,1
833,289,27970000,1
YoBit.net,PocketDice.io,1117170,1
Poloniex.com,Coinmate.io,10309504388,2
72577145,YoBit.net,844193,1
220232,833,8308250,1
152121,289,1633136337,3
SlushPool.com,Luno.com,8477107178,4
776,170,806189731,37
391,223,13972587,1
13921,Huobi.com,14426446152,6
69304143,0,6118132,2
14,107,10539343356,39
3167082,FortuneJack.com,7673070,1
70976754,0,21593968,2
776,107,124634788,6
71162539,BTC-e.com,47004418,1
70927666,Poloniex.com,23752859,1
Poloniex.com,1290437,9473619445,1
4689,60,170816645,4
4,513,21601378,1
ePay.info_CoinJoinMess,CloudBet.com,157862928,8
354,144847,977961947,1
94,14,52664646,2
7787,Kraken.com,37002863,1
2218,BTC-e.com,32159489,3
354,20042,791909387,1
14,732,1345104554,14
833,Poloniex.com,124449775,2
39,354,10248960137,19
4,Bitstamp.net,6749069171,33
Xapo.com,1316,15910000,1
73596404,4,2876707954,2
700,96,1280401,1
2218,0,1026196703,101
1654888,Xapo.com,26526162643,63
74304268,Kraken.com,17747544840,6
HaoBTC.com,BtcTrade.com,655235,1
Bitstamp.net,72279715,2387503213,1
354,283,3871961,1
5959635,7351,117763,1
3690470,131,16088033510,3
391,Luno.com,61281236,1
Cryptonator.com,MoonBit.co.in,1153819,1
131,20902,3364611836,2
MoonBit.co.in,35,1791936727,9
19298,BTC-e.com,12835753,2
70927666,CloudBet.com,26453976,1
5026,61,21587967665,439
1365,3370,9966250,1
Xapo.com,60,1666137228,2
444,61,2050502040,83
9444,91,12464366,1
6300,44,310875900,1
354,72707830,1409537473,1
Poloniex.com,3648,30550872722,1
74042229,72550781,11397659,1
74304268,1138,6268429459,1
0,354,23076379,5
5540,Poloniex.com,299950000,1
4014,BTC-e.com,146388637,1
20,BitoEX.com,1254305760,1
20,70404041,628167766,2
163,999Dice.com,3678362,3
73439554,860,8340780,1
8633,1090,89975896,1
Poloniex.com,PocketDice.io,1544024010973,11
354,Igot.com,998427788,1
292,398,1127494,1
0,129,38933271,6
1228047,102,458919909,2
354,Xapo.com,274506332548,285
0,107,144221263,21
72943763,233,258932675,1
1070,811,6899200,1
ePay.info_CoinJoinMess,315,20851697963,1
14,71240594,134082193,1
117,733,243165887,15
ePay.info_CoinJoinMess,Luno.com,271313504528,14
73205260,BTC-e.com,17116488,1
69277009,31750878,46331951,1
42359770,883,1183833,1
267,Bitstamp.net,67092588,2
5026,51,684157798,20
Poloniex.com,238,3366987266793,26
117,35,97160,1
14,391,1823218498,1
331,45000,5027955704,1
0,Poloniex.com,76902021826,223
74252166,472,12958204112,1
152121,Xapo.com,8062414193,20
20,1075,429476750,3
71790178,18831,4224485,1
269,BtcMarkets.net,1616430,1
298,14,471605763,1
14,70796630,79868153,1
20,70037420,409904295,1
Bitcoin.de,VirWoX.com,150007463,1
396,70612644,238066169,1
7345,1123,9629000,1
71003654,91,55242049,2
18553978,BTC-e.com,458491008,5
74304268,91,17561936338,6
MoonBit.co.in,3578,400869725,2
69198888,SatoshiMines.com,260460,1
1450,354,3476481,1
30261,354,1371459911,1
152121,BitBay.net,47336345,1
57,CoinJar.com,10708470,1
65,60,6067988,1
801,HitBtc.com,10498725,1
4,Cubits.com,1161493135,33
5041220,69,4723220,1
432,0,2432198,2
4,275,4843756123,223
ePay.info_CoinJoinMess,BitKonan.com,20851697963,1
YoBit.net,4689,21155603,1
SafeDice.com,152,29558196,2
71554939,289,543506242,6
51,Matbea.com,810422317,6
126,27337,349936643,1
33117,Bittrex.com,8438662578,6
6003,29,19962663,1
70901422,0,82505579,3
Poloniex.com,51,213210980936,1
YoBit.net,91,83788143,3
65,0,14257942,1
801,14,80291639,3
396,131,6543135843,7
157,29,165223643,5
1123,152,3724969,2
276,Bittrex.com,5169600,1
27914256,163,4381791130,1
2218,234,9737115,1
139,72052207,11363184701,5
SlushPool.com,Bitstamp.net,11021233718,5
14,69513766,95049281,1
107,VirWoX.com,5282214,1
4,629,243105,1
Poloniex.com,21068,27649479442,1
51,444,154801016,2
1612,ChBtc.com,10657028359,1
94,4,103659788,2
61,2748119,340000000,1
64740,Bitcoin.de,29576827,1
372665,BitBargain.co.uk,250891600,2
18553978,1090,54604965,2
233,348,61909855,1
1228047,91,1357613717,6
74118973,BTC-e.com,101437800,2
ePay.info_CoinJoinMess,71475979,20851697963,1
Cryptonit.net,29,2209653,1
14,74120289,134968452,1
MoonBit.co.in,70770437,262031582,1
219,YoBit.net,9980171158,1
HaoBTC.com,4395,15837164765,2
154,YoBit.net,178621558,3
163,139,58416049,2
70927450,69879522,19561170,1
Bitstamp.net,131,83374480062,8
60089117,29,406537315,1
ePay.info_CoinJoinMess,64475,20851697963,1
2026252,73989675,579353730,1
73204944,44,5549124,2
39,2160,49732635,18
51,4033,23926622,3
1228047,Bittrex.com,693933671,4
BtcMarkets.net,269,1654825,1
70717836,860,28991427,1
ePay.info_CoinJoinMess,66692,20851697963,1
4,29,354467271,10
69330667,44,11060988,1
14,117,22214171356,8
354,BTCCPool,2472079626,2
60,107,2032735,1
69591284,999Dice.com,66044,1
51,1091,3456457,1
4825,20705,107997544,4
2173760,20,49576340,1
269,BTC-e.com,9404708,2
73831355,44,1887200,1
69302877,69461667,1824599,1
Poloniex.com,859,16282717146,1
74015330,44,932899,1
14,154,4857610870,19
117,995,1477665,1
2465,29,151574957,2
Poloniex.com,1090,315112299934,1
298,ePay.info_CoinJoinMess,12656926,2
2160,70115038,1495420,4
1391,57,21074437,1
72602467,29,271474000,1
29378,OKCoin.com,566040360,2
131,CoinGaming.io,828404483,4
5714831,3223,1249144604,1
154,Bittrex.com,16283402,2
ePay.info_CoinJoinMess,268467,20851697963,1
7345,Rollin.io,11808200,2
198640,61,9466400,1
24414,73022114,268038768,1
74304268,289,8229993622,4
70063369,2027,332905791,1
916,Coinmate.io,113932536,2
72943763,170,247623966,1
71398204,820287,30860,2
63333024,58102,7721423,1
105520,18878180,174662030,1
916,14,35756751,3
14,233,24944015,1
14,5630628,95015091,1
163,29,4598252575,19
189,14,10975024,2
94,Bittrex.com,539328294,3
24414,51,1007163612,4
4833806,131,50674162,1
4,811,29602263,2
5714831,ePay.info_CoinJoinMess,1469479715,2
ePay.info_CoinJoinMess,94,187665281667,9
71476712,CoinGaming.io,159962880,1
4661129,Luno.com,113380205,1
ePay.info_CoinJoinMess,69697248,20851697963,1
SafeDice.com,444,22671446,1
4661129,195,33170310,1
Cryptonator.com,Rollin.io,23066633,2
ePay.info_CoinJoinMess,391,41893670790,8
0,94,4273027,4
0,Bter.com,21917214,2
999Dice.com,29,346157743,2
58772012,Poloniex.com,247580,1
117,ePay.info_CoinJoinMess,126600,1
0,152,35180018,13
71659769,860,1779955,1
SlushPool.com,354,15223048297,10
26383,29,348560707,2
70192975,73832987,2302545,1
15278773,8633,1099950000,1
69825990,69,3617842,1
Bitstamp.net,69144722,2833468348,1
20,Cubits.com,144365222185,255
74041201,29,2748974,1
73309624,44,8266106,3
71624909,289,648596426,2
35,HelixMixer,2066473,1
71214990,29,28678403,1
70272383,60,284686854,1
Poloniex.com,732,298440948707,1
74304268,69173950,15220536701,1
1622,ePay.info_CoinJoinMess,21069267,1
1612,290,223797595539,21
74304268,1123,1820436879,1
70062165,44,22748173,2
4033,2218,13622534,1
4,195,1259570,1
58081,70036745,18848375,1
4,158,6356455,1
Bleutrade.com,Bittrex.com,138900484,1
801,331,41981123,3
Xapo.com,233,50622811,3
73124543,20,38989152,1
60,Bitcoin.de,2852275469,6
74304268,35,112733778275,27
MoonBit.co.in,BTC-e.com,4620407055,19
163,39,3059380,1
39221901,Luno.com,22187596,1
72995762,883,3119180,1
1316,SatoshiDice.com,10831831444,3
284511,432,53392950,1
227,101,4782873,3
6131,BTCCPool,451417100,1
219,60,12793108674,3
71624909,995,323272852,1
74094945,29,12343730,2
72733578,29,2190540483,3
1622,154,10579571,2
2218,CoinTrader.net_LocalBitcoins.com,9737115,1
1182362,1090,77449351,1
69302877,44,636519,1
46590,Cryptopay.me,13644930,1
Bitstamp.net,968,54265540296,4
YoBit.net,170,1692345,1
102,386,2103311,1
70063369,4544,992320674,2
1228047,2055,363181082,2
1612,1566,21314056718,2
69539680,Luno.com,2076960,1
340,Cryptopay.me,56010942,2
14,70428404,134968452,1
70770527,62,32503046,1
1316,158,2000104874,1
8204715,ePay.info_CoinJoinMess,4715180,1
61,71032399,173656200,1
CoinJar.com,Poloniex.com,1032416056,8
BX.in.th,41701,229759590,1
7645,YoBit.net,842658678,1
942,Cubits.com,1262712,1
354,143306,977961947,1
74304268,4014,939157042,1
219,BTCJam.com,7860041923,1
0,70796386,39550840,1
4033,51,56042405,2
1654888,20110269,1301404477,3
354,3810,3503362581,3
122,12737,128183806954,7
1096237,69644217,16934210,1
1450,4014,4238703,1
20,BTC-e.com,6879532175,16
65372,4,19730290,3
7219,Xapo.com,2572766,1
7645,354,1685317356,2
75,29,4238834,1
131,ePay.info_CoinJoinMess,4599955,6
Xapo.com,CoinPayments.net,19471593,3
11835,233,74930336,2
4075,158,52849312,1
MoonBit.co.in,4907947,136673592,1
1182362,Poloniex.com,443817348,7
Xapo.com,354,14307675,3
354,BtcMarkets.net,1306315612,1
68980,1316,199472880,1
233,189,10000200,1
5026,ePay.info_CoinJoinMess,45290866,1
69697273,Xapo.com,25474115,1
ePay.info_CoinJoinMess,73126948,178142577,1
73832621,419,30860,2
3810,BTC-e.com,7870000,1
354,24439,1068196698,1
71529017,21764,531006180,1
Poloniex.com,598,122467683286,1
0,Hashnest.com,5496538,3
15278773,1330,1199950000,1
73963652,72865059,17686668,1
999Dice.com,Cryptonator.com,3900178,4
ePay.info_CoinJoinMess,BTC-e.com,688442562638,37
1004,0,669213,1
4,3648,59440164,4
73702052,ePay.info_CoinJoinMess,793309,1
YoBit.net,CloudBet.com,4714534,1
74304268,44,7687361924,2
PocketDice.io,275,4285879,4
53726183,69644601,3240763,1
233,5026,7000008,1
175,29,622842800,1
ePay.info_CoinJoinMess,BitoEX.com,65695676947,20
233,14,8900000,1
4070124,CloudBet.com,536169,1
0,20,284859895,41
1316,BTC-e.com,173002738,1
0,9306,35073676,1
0,267,4412804,1
YoBit.net,158,3357512,2
833,29,52194499,2
107,60,158247,1
493876,29,536246489,2
750,HaoBTC.com,787953686,1
14,821,265709366,2
189,340,529135212,5
1901,421,5981694,1
1182362,20,30079617,1
152121,20,771006533,1
ePay.info_CoinJoinMess,472,3878415821118,186
1654888,94,993390849,1
14,2803,930731448,2
ePay.info_CoinJoinMess,22974624,20851697963,1
0,44,90458517,66
72052038,44,23427080,1
129,65,19631632,1
999Dice.com,Luno.com,5000979,1
19474319,69,653742,1
ePay.info_CoinJoinMess,72655543,20851697963,1
157,122,17539619,1
0,4,170673975,39
Xapo.com,ePay.info_CoinJoinMess,108638593750,133
MoonBit.co.in,2218,136673592,1
Xapo.com,129,101623383,5
2218,1450,29211345,3
ePay.info_CoinJoinMess,292,104413660861,9
72262805,999Dice.com,367580,1
Poloniex.com,131,1153092307034,14
391,Huobi.com,13554131,1
105520,72524767,2600435,1
ePay.info_CoinJoinMess,223,64157582,7
20,35267947,668494083,2
72970216,BTC-e.com,11730780,1
69487265,Bittrex.com,149952880,1
72471893,1347,55450593,3
484,Xapo.com,9495187,1
0,Rollin.io,2044532,4
238,14,19681147,2
354,337445,914188545,1
ePay.info_CoinJoinMess,154,21127577445,4
BX.in.th,1120,24134800,1
ePay.info_CoinJoinMess,421,167376158406,11
1182362,227,160338899,4
776,Cryptonator.com,1808187047,85
70901422,Xapo.com,120642721,4
ePay.info_CoinJoinMess,102,21172841656,3
848667,Rollin.io,594108922,1
269,289,23735359,1
63778,163,4450919,1
3187,4,130602516,1
39,275,17549151,1
107,391,19030304,1
387,175,1420175507,2
ePay.info_CoinJoinMess,1316,178142577,1
Bitstamp.net,1316,2426161788,1
1612,BtcTrade.com,117227311949,11
4,162,455617858,2
4833806,39,56303164,1
234,371,27061073,1
71163310,44,1723954,1
71214990,44,605507281,4
750,563,29950000,1
20,58102,6178340322,12
175,354,301004285,1
2218,HolyTransaction.com,20948302,2
776,14,330687020,15
58102,22353081,822916479,55
1654888,72315118,399094533,1
BX.in.th,122,1660152123,3
289,60,225769034,1
ePay.info_CoinJoinMess,342,21093128972,2
354,102,5396911194,6
289,0,335747,1
1654888,PocketDice.io,894088168,1
74278362,CloudBet.com,2318274,3
Poloniex.com,60,4809771472748,60
1951017,44,1430260,1
5162,BTCCPool,244900180122,6
1622,Poloniex.com,1196145753,6
Xapo.com,1123,1816690537,14
72943763,MercadoBitcoin.com.br,764593983,3
SatoshiMines.com,999Dice.com,2509057,2
SlushPool.com,Poloniex.com,33176199675,22
5162,1575,204083483435,5
Xapo.com,Bittrex.com,1739806108,33
73937015,Xapo.com,16144089,2
163,Poloniex.com,95950725,4
60,0,16865637084,4
Poloniex.com,4033,1050898173697,9
73517040,73832987,18398980,1
139,39,4549831473,3
45000,101,9999866416,1
14,2230,41500202,1
219,107,9830210317,3
69224327,44,1528720,2
4,96,50998872,3
70063369,Xapo.com,1044137378,2
Cryptonator.com,Xapo.com,3453192,2
65,Bittrex.com,1972428,1
0,491,20058126,9
Poloniex.com,175,1346738537658,11
396,2055,54161279,1
0,71005394,1692141,1
74304268,189,57717788302,13
1226,472,6071623,1
354,48074,968438563,1
129,60,31949453,1
74147034,Poloniex.com,12528927,2
94,CloudBet.com,3044480,1
70271837,0,46041922,2
69431810,61,189082956,4
69697281,1142085,40800000,1
Cryptonator.com,16621,1994549,1
Xapo.com,3077,15926068,1
0,884,1867397,2
27914256,CoinJar.com,661236237,1
70560050,14,147918640,1
20,72550978,748417185,1
129,1316,109969183,1
848667,Bitstamp.net,233580603,1
35,Vircurex.com,7924516,1
2218,BitoEX.com,38948460,4
70141007,Poloniex.com,10166598,1
71554939,999Dice.com,624962339,3
Poloniex.com,4014,132672066607,11
60,126,2960125078,1
Rollin.io,4,20212475,4
107,223,81165336,2
Rollin.io,18946,1826938,1
MoonBit.co.in,72996069,240653683,1
354,263,845696361,1
71624909,Cryptonator.com,2512098664,8
73806401,175,2000450000,1
14,152,28629844916,85
MoonBit.co.in,Bittrex.com,10279295159,44
74304268,999Dice.com,60448632898,13
72969927,14,8794035,1
22035320,421,67380256,1
0,801,72339,3
11835,61,19924089,4
35,29,79846653,5
2129037,811,6673245,1
11821802,331,503225112,1
1182362,Bittrex.com,160680888,2
1123,ePay.info_CoinJoinMess,4476981,1
Xapo.com,544,859001041,4
24414,69382791,27009834,1
69277600,49,2440066,1
ePay.info_CoinJoinMess,131,306855890,2
0,7582,1021377,1
14,74091484,7213417,1
33117,Cryptonator.com,2812887526,2
14,72677739,162280756,1
69801586,69382638,1070471256,1
0,73205038,446200,1
17880,29,1693782252,1
0,513,203403,1
74304268,126,75196062,1
14,57,521257481,2
70428404,Poloniex.com,304491760,2
801,158,120456757,1
YoBit.net,1316,3653341,1
Cryptonator.com,14,30382746,10
0,BtcMarkets.net,1122778,1
801,29,29201857,3
354,HolyTransaction.com,6156977048,7
0,69278223,4408284,1
13921,17655,2404407692,1
SatoshiMines.com,14,3026746,2
BTCJam.com,4,6783711,1
Rollin.io,275,6025706,1
51,61,1237725745,34
4814,BTC-e.com,1613211446,1
ePay.info_CoinJoinMess,14,43190880236,12
4689,35,75906585,2
219,44,2302503013,1
8477213,71110666,316179214,1
YoBit.net,269,30719462,6
73858713,Xapo.com,241157,1
776,CoinPayments.net,21698628,1
0,BitcoinWallet.com,8073783,2
51,BTC-e.com,1141797622,8
70586469,14,1343907,1
Rollin.io,195,12883050,1
74304268,ePay.info_CoinJoinMess,78887117261,15
74304268,543,977975392,1
0,4497,2437765,2
157,999Dice.com,1089096,1
139,57,2577785821,1
74304268,CoinTrader.net_LocalBitcoins.com,20364030431,5
0,69,25500386,9
YoBit.net,BTC-e.com,301984071,13
20,72550845,383675718,1
848667,883,807322162,3
1316,12431,3338168000,1
20,22583343,1716510000,3
3273,417,911105151,1
0,1004,6950481,3
22353081,ePay.info_CoinJoinMess,4154102,1
20,73098468,849950755,1
1236,267,31915187,2
484,69,3870294,1
348,Poloniex.com,4000960,1
139,Cubits.com,16830406740,11
14,72130679,1586440378,1
71947360,73832607,74551582,1
1215,29,106907013,1
ePay.info_CoinJoinMess,87324,20851697963,1
MoonBit.co.in,871,502685265,2
11173,Cryptopay.me,6441886473,1
MoonBit.co.in,69644715,343851920,1
Bitbond.com,39,4637464,1
70403819,69,5459086,1
74304268,Hashnest.com,16211429490,4
Bitstamp.net,4075,2544030008,1
SimpleCoin.cz,158,626301920,1
776,CloudBet.com,20587232,1
5714831,Xapo.com,4992376707,5
289,275,50140244,2
70063369,578,301913113,1
Rollin.io,1090,1421292,1
ePay.info_CoinJoinMess,69383146,20851697963,1
69589579,29,101904594,1
13921,472,7213223076,3
354,87357,1004902996,1
69330554,69906500,760465410,1
39,Xapo.com,2076777334,1
ePay.info_CoinJoinMess,213341,20851697963,1
848667,1432,235952883,1
227,70375185,4901030,1
MoonBit.co.in,189,928357523,3
Xapo.com,VirWoX.com,215237106,5
129,238,99969294,1
57451766,96,5496341,2
Poloniex.com,Rollin.io,504078791960,3
2218,292,19474230,2
70404041,0,71510569,1
102,4825,24496922,1
ePay.info_CoinJoinMess,12828,20851697963,1
Poloniex.com,5026,1162935658821,14
14,2811,5231934423,6
163,94,5838380,1
298,108,486664807,4
61,Cryptopay.me,94366317,3
0,12273139,5839937,2
Bleutrade.com,14,1170761,1
26220,Poloniex.com,448273882,1
2173760,999Dice.com,121671230,3
13921,Bter.com,2404407692,1
4,PocketDice.io,1579689716,35
0,SafeDice.com,1666902,4
340,36350,314077147,8
217,37,4295400,1
848667,BitBay.net,991488880,2
61,15284,1041423903,9
189,15910,1220400,1
72279715,2230,7889879,1
69905221,73832607,396825674,1
Bitstamp.net,122,4743177632,2
4661129,1622,16484858,1
70272383,YoBit.net,835972989,3
6911159,CoinGaming.io,13546880,1
74304268,Xapo.com,119007702383,24
1123,94,18700288,1
27914256,871,534868377,1
289,BTC-e.com,1676826455,8
879,Poloniex.com,4565306,1
69853197,73231614,88925960,1
102,91,2993421,1
CoinSpot.com.au,CoinGaming.io,2715696,1
Poloniex.com,58766,150954084926,1
74042229,69,30463132,1
292,ePay.info_CoinJoinMess,19124143,8
745,60,12615816,1
396,Cryptopay.me,495244274,1
Bitcoin.de,275,586685589,4
72419711,OKCoin.com,175252960,1
1272,9,946300,1
ePay.info_CoinJoinMess,BitBay.net,41703395926,2
70927256,129,34385018,1
YoBit.net,94,163263609,2
ePay.info_CoinJoinMess,96,3743020,1
ePay.info_CoinJoinMess,107,167540013180,12
848667,YoBit.net,768195461,2
69906500,0,34969006,1
289,Poloniex.com,385125085,5
354,170,44993305573,47
39,73806401,4927011198,1
74304268,Cryptonator.com,33283824997,8
0,37,151743120,15
776,1233363,27080918,1
71888167,7277,11195525560,134
YoBit.net,275,24485551,6
1654888,107,1875930952,5
20,7307396,1059710540,1
71162539,Poloniex.com,30804418,1
HaoBTC.com,91,8947601,1
71624909,BitcoinWallet.com,311817015,1
73597895,44,1708480,1
39,432,8010063,1
5714831,131,435335942694,45
1654888,2558028,311340909,1
3690470,YoBit.net,8000772600,1
39,417,34671147206,15
4689,0,1375269905,31
396,Cubits.com,182695413,2
1228047,BitoEX.com,212241119,1
60,29,10497137799,6
ePay.info_CoinJoinMess,4129372,370144322,2
Bitcoin.de,HelixMixer,907705904,1
33117,Xapo.com,39380425364,28
5714831,697,31215612,1
33597510,Cubits.com,1850488,1
Poloniex.com,MoonBit.co.in,211322130951,1
BX.in.th,1090,585840566,5
107,101,1075000,1
MoonBit.co.in,CoinSpot.com.au,240653683,1
776,Bittrex.com,280389749,13
354,69147203,907085911,1
2230,60,224285,1
139,223,17571711807,2
801,417,24041915,1
MoonBit.co.in,91,16115226641,80
MoonBit.co.in,1567,343851920,1
20,70848906,801148161,2
340,35,53917904,6
60,BX.in.th,19787627,1
2480,0,132302527,1
152121,LocalBitcoins.com,809812960,1
18404506,1075,248350000,1
9444,YoBit.net,12464366,1
2579901,CoinGaming.io,39025880,3
Xapo.com,1622,9007603,1
69225526,29,15257980,1
101,Huobi.com,7624200,2
354,CoinJar.com,11251847259,13
73884543,1075,845705,1
70901422,ePay.info_CoinJoinMess,24481481,1
74304268,65,8004878675,2
69199627,CoinApult.com,323168094,1
1612,2184,366762284293,33
1654888,35255,192416801,1
126,29,7831302,1
20,96,2908758088,8
14,Cryptonator.com,10567326869,32
14,Luno.com,28843498046,109
60,Cryptonator.com,664075598,1
69958510,Luno.com,10163761,1
73100939,Cubits.com,11129601,3
71658825,69,8115899,1
Xapo.com,484,14087500,2
999Dice.com,Xapo.com,8171653,6
Rollin.io,0,33138287,3
Poloniex.com,71633175,152979303681,1
131,CloudBet.com,29600409,4
58766,0,975936,1
69591362,20,53287230,2
3690470,1332,7202346451,2
69906410,29,268779725,1
BX.in.th,20,2003228685,8
ePay.info_CoinJoinMess,Cryptopay.me,20907425376,8
Poloniex.com,2899,1017326875081,5
4823363,YoBit.net,99990000,1
4689,158,54930345,1
MoonBit.co.in,MercadoBitcoin.com.br,136673592,1
14,139,1239736795,2
73623569,49,3833646,1
7645,289,842658678,1
101,331,11714626,1
MoonBit.co.in,BtcMarkets.net,136673592,1
Xapo.com,LocalBitcoins.com,16624534,2
1654888,60,1721697626,6
354,641,1165764014,1
Poloniex.com,398,13952842409,1
Xapo.com,YABTCL.com,34556862,5
354,238,3299643614,3
Xapo.com,69957923,26714700,2
MoonBit.co.in,883,1462637240,7
0,22583343,6689074,2
4,3578,1546256,1
2189,1622,1666440,1
152121,HaoBTC.com,888001879,3
Bitstamp.net,58992420,999941275,1
Xapo.com,444,27475006,2
Poloniex.com,22279,314030890351,1
1228047,117,2754451419,12
MoonBit.co.in,776,465687054,2
Bitcoin.de,117,116900073,1
298,39,52760951,1
2480,162,9010128,1
14,444,498477009,3
8096,29,1314662570,5
32317,29,38149770,1
YoBit.net,Xapo.com,71097092,12
46590,73153048,53893415,1
4661129,152,118267318,2
0,331,217682544,24
94,CoinGaming.io,2150374,1
MoonBit.co.in,9205456,240653683,1
73698504,286,9060443,1
Xapo.com,PocketDice.io,1055689328,27
848667,BTC-e.com,155095553,1
20,Luno.com,55517779801,50
64740,BTC-e.com,88730481,3
4833806,ePay.info_CoinJoinMess,157710285,2
159520,94,5812375,1
354,1805,902492673,1
4833806,16967237,20374375,1
1228047,CoinHako.com,965689192,4
4134475,CloudBet.com,763558,1
18831,HelixMixer,3404600,1
805412,29,357431663,1
219,Xapo.com,44444376054,7
CoinGaming.io,Poloniex.com,139926267,2
20,421,411693919,3
354,891,1661151508,2
0,833,4947260,1
33117,Luno.com,22503100208,16
69199627,0,14542564230,45
219,BX.in.th,1943432544,1
340,FortuneJack.com,1539688,1
292,FortuneJack.com,2879792,2
4661129,Cubits.com,46312234,3
1622,91,14818298,3
74304268,BX.in.th,28311870020,8
ePay.info_CoinJoinMess,6748,20851697963,1
69382798,44,3247134,1
74042229,70691692,12091530,1
69697250,Poloniex.com,34801035755,3
74304268,60,55702843751,18
73466000,BTC-e.com,3508331,1
Xapo.com,3648,1263764155,10
1316,2812638,3643191000,1
ePay.info_CoinJoinMess,2811,20851697963,1
107,Bittrex.com,15403908,4
821,175,101947436,1
1575,0,27755785,1
4,354,8445492,2
14,73937015,2172361881,3
70664938,71448958,11972880,1
189,35,50992998,1
833,Bittrex.com,70614433,1
982695,883,239972880,1
ePay.info_CoinJoinMess,2647,41703395926,2
Poloniex.com,72575822,370894351773,1
51,29,1213990601,33
2218,107,32159489,3
27914256,157,6803829971,3
70402136,1075,7839502,1
20,4210,301995416,1
74304268,FortuneJack.com,15402788581,4
74304268,129,94940446685,16
87357,BTC-e.com,1213591,1
391,Poloniex.com,666428714,12
0,101,170145688,19
396,544,2876806667,2
1654888,64256239,612783806,1
811,BTC-e.com,952000002,6
154,1123,150000,1
1316,4129372,5867072,1
0,1432,1338840,1
Bitstamp.net,343,3500374156,1
4,Bitcoin.de,319152436,1
73388743,29,83682908,1
39,0,14681159848,3
1654888,3578,255844036,1
CoinMotion.com,Bittrex.com,185021025,1
70822754,697,5071356,3
107,20,76390000,2
71554939,371,449255879,2
233,11835,21398130,3
20,1098,113672857,2
MoonBit.co.in,342,240653683,1
69199627,BitcoinWallet.com,323168094,1
65,1151,4045743,1
801,154,27697664,4
777,4940,3841359,1
51,348,5804729,1
Poloniex.com,340,5018117535972,23
70452027,Bit-x.com,1112918,1
33117,2844,2812887526,2
Poloniex.com,BitBay.net,1621655040010,12
14,70560230,1184181699,1
396,44,161017792,1
354,Bit-x.com,10483360516,10
4,1306,270171241,1
YoBit.net,51,601000082,1
2218,ePay.info_CoinJoinMess,51633719,5
54597475,811,77170692,1
71162539,BitBay.net,132026454,1
4,ePay.info_CoinJoinMess,2007457979,83
Poloniex.com,9205456,392207309731,2
2895,BTC-e.com,35360313,1
70061108,58102,7148497,1
0,283,24555016,27
ePay.info_CoinJoinMess,72995913,20851697963,1
117,29,8681310,5
1654888,CoinPayments.net,709567228,1
152121,MercadoBitcoin.com.br,249877617,4
219,Poloniex.com,170266799009,23
MoonBit.co.in,CoinTrader.net_LocalBitcoins.com,1507273941,6
60089268,44,1544567,1
PocketDice.io,CoinHako.com,48001234,1
1182362,14,31386148,1
PocketDice.io,999Dice.com,6139857,2
ePay.info_CoinJoinMess,697,6198281,1
ePay.info_CoinJoinMess,233,146267076,2
Bitstamp.net,29,150211719474,24
60,7219,2346410,1
5714831,HitBtc.com,724848963,2
284511,20,15655875,1
354,2545,2472079626,2
46590,ePay.info_CoinJoinMess,1993958335,13
4689,Poloniex.com,613640110,14
639,Bittrex.com,1209837,1
9205456,354,25067308,1
13921,1566,2404407692,1
87610,275,621297676,10
4833806,BTC-e.com,699909830,6
102,234,4972674,1
71084816,29,3691676,1
1228047,Huobi.com,250118809,3
879,29,37507161,1
354,129,14125705504,13
ePay.info_CoinJoinMess,SatoshiMines.com,145467588,2
Bleutrade.com,Poloniex.com,1477646,1
6300,Bittrex.com,21856900,1
BtcMarkets.net,417,484990353,1
74252166,387,259164082240,20
39,1575,2057683596,1
396,Poloniex.com,13903639272,28
Poloniex.com,361,33510988984,1
ePay.info_CoinJoinMess,Bitstamp.net,166813583704,8
1149,61,3301984,1
2433866,2811,1999960000,1
70636270,Matbea.com,7460160,1
72367835,942,8449000,1
SatoshiMines.com,158,18704811,1
14,73805934,134968452,1
16694645,71266952,194989500,1
Poloniex.com,74199571,41421096869,1
Poloniex.com,292,202340233489,6
0,4014,1253578,1
801,YoBit.net,16374844,2
MoonBit.co.in,Bit-x.com,721961049,3
219,Cryptopay.me,26346060643,3
14,2238,7379767,1
YoBit.net,Poloniex.com,2854249352,54
131,14,967588033,8
YoBit.net,Cryptopay.me,3861657,1
2812638,74042078,16972880,1
30220575,29,2545622,1
ePay.info_CoinJoinMess,71345664,241431009,1
1123,Poloniex.com,56464768,4
71633594,1075,5623240,1
ePay.info_CoinJoinMess,1226,62555093889,3
107,732,678754,1
72286047,0,2669514,1
Xapo.com,Cryptonator.com,5234254044,14
Poloniex.com,163,1767661886193,14
189,TheRockTrading.com,12600116,1
Xapo.com,491,513007861,10
7277,2160,76440,14
60,35,65655087,1
0,158,12627158,3
72786442,29,4144510,1
71624909,234,640961862,2
35046709,275,30642880,1
801,Cryptopay.me,7723643,1
MoonBit.co.in,9560575,240653683,1
SatoshiMines.com,732,2640073,1
Poloniex.com,69461519,375849709405,1
60,BitcoinWallet.com,64411302,1
20,4070124,148547769,1
348,122,2402776,1
39,Cubits.com,29347750,1
72576975,72471893,10120400,1
37,Bit-x.com,1624740779,1
45641,108,29007507,2
70217372,BTC-e.com,50911700,1
YoBit.net,227,4759283,4
74304268,331,11413219791,3
69169393,14,7280540,2
768,Bitstamp.net,298557805,1
276,5162,12334513759,1
4833806,152,345925785,5
Rollin.io,417,391493369,9
SlushPool.com,CoinTrader.net_LocalBitcoins.com,6148040915,3
227,170,4222708,2
37,HitBtc.com,2138965501,2
2218,29,20948302,2
2043730,CloudBet.com,245119960,4
33117,421,5625775052,4
33117,126,5625775052,4
2781097,FortuneJack.com,8532861,1
71398204,2387,15430,1
Bleutrade.com,269,1903061,1
69121350,44,64536041,2
0,16536498,1628314,1
MoonBit.co.in,18972,343851920,1
227,Cryptonator.com,8073613,1
46590,233,11421743,1
175,20,103799040,2
35,4,1136071,1
69199627,777,323168094,1
MoonBit.co.in,999Dice.com,188680196414,764
0,HitBtc.com,5451380,3
189,Bitstamp.net,32996569,1
209813,0,475787999,1
74304268,LakeBTC.com,2015909669,1
91114,Poloniex.com,502844000,1
776,3578,27080918,1
Xapo.com,158,49745686,9
1654888,14,1500615430,3
7277,29,5460,1
Xapo.com,108,862798490,11
396,96,235569439,2
69670996,Xapo.com,1889103,1
129,417,69543819,3
187094,354,1058375705,1
598,170,34365129,1
61,Cryptonator.com,2337703,1
189,158,147554704,2
157,CoinGaming.io,63796869,4
69984251,49,5280291,1
73779498,44,3993034,1
154,189,73862457,2
Poloniex.com,891,459366714788,2
MoonBit.co.in,72209227,240653683,1
72943763,1123,247623966,1
106268,129,30807029321,2
4014,0,3482354,1
70664938,70848252,12990136,1
152121,298,32756915,1
1432,14,17745182,1
354,Kraken.com,37403751067,39
1872,6963,103313226,2
139,Bitstamp.net,881558952,1
5540,BTC-e.com,599900000,2
4,Poloniex.com,1161675316,32
777,Poloniex.com,21001150,1
72026082,69,565414,1
57,107,13316052,2
71842975,70586632,24611944,1
0,154,3007589,2
6252,11211025,51656915,3
14,20,1431366234,10
776,Cubits.com,21698628,1
71624909,4,17828184619,56
13921,OKCoin.com,2404407692,1
20,70011208,617017495,2
Coinroll.com,Poloniex.com,5011215,1
1805,HelixMixer,25945950,1
864,14,296464939,2
MoonBit.co.in,20,882177091,4
70351573,0,2823492,1
20,9,691827897490,1456
14,523,10289368938,18
41701,417,184796256,1
Poloniex.com,BitcoinWallet.com,3390774375,1
14710117,29,59612861,1
1228047,275,3668282108,10
1654888,883,839137883,2
70089217,49,4395133,1
YoBit.net,189,39441208,7
23763,126,2362144276,4
MoonBit.co.in,163,273347184,2
340,129,8808162,1
74252166,Bter.com,25916408224,2
14,CoinTrader.net_LocalBitcoins.com,20239035,2
7277,252,76440,14
276,Luno.com,165510000,1
16621,Cryptonator.com,1112742,2
4033,Poloniex.com,57347881,1
35,833,48965602,2
71624909,CloudBet.com,628267686,2
Poloniex.com,Cryptopay.me,2450928869972,23
YoBit.net,108,1474071,1
4,0,179762880,15
184809,883,263718180,2
139,163,6905905846,3
641,Cubits.com,4939208,1
72052207,58102,52742098,1
Bitstamp.net,361,108811320,1
0,Huobi.com,191381,1
184809,331,118051810,1
354,233,1653491847,2
3576172,44,44400320,2
22457176,51,2551252,1
24230698,860,3119350,2
391,298,5374810,1
276,ePay.info_CoinJoinMess,499627903,1
7036,3690470,194623209,7
1182362,BTC-e.com,741274300,11
695,Bittrex.com,86573069,1
233,158,1210000,1
27914256,0,7625111080,6
117,MercadoBitcoin.com.br,1893144,1
354,CoinHako.com,845696361,1
4075,29,55440726,1
60,122,27440900193,5
73936147,60,25589664,1
SlushPool.com,4,6898994740,4
MoonBit.co.in,468,240653683,1
71554939,CloudBet.com,409725712,1
MoonBit.co.in,348,398705174,2
5162,BTCC.com,40816696687,1
Poloniex.com,73336518,26127324164,1
131,821,7508665,2
0,CoinGaming.io,203146423,58
59637124,29,27172508,2
Xapo.com,25052,5363253,1
1142085,163,68949323,1
26220,35,519196342,1
4689,Matbea.com,40167990,1
1228047,Cryptopay.me,3067190507,15
94,284,62685788,1
7277,Luno.com,5460,1
20,74226354,3026878796,13
71214268,BTC-e.com,244671900,1
MoonBit.co.in,Matbea.com,262031582,1
0,629,4945913,2
69697250,29,4412295755,1
999Dice.com,4,366651051,14
859,73310094,4053923919,15
YoBit.net,6300,11123654,1
102,154,31645749,2
139,1316,2276170095,1
Bitstamp.net,ePay.info_CoinJoinMess,86197263,2
Bitstamp.net,126,745328940,1
Poloniex.com,187094,141033414341,1
MoonBit.co.in,497,480525512,2
2781097,Cubits.com,3410680,1
Xapo.com,695,84977188,2
71554939,Poloniex.com,411529434,1
543,HelixMixer,16325065,1
Poloniex.com,942,33741121863,2
131,275,4196738,1
MoonBit.co.in,421,1327062697,5
0,139,8252162,4
71624909,158,329798989,1
1654888,275,1622678638,3
776,FortuneJack.com,20587232,1
227,999Dice.com,2138313,1
Poloniex.com,2479,1127735214104,6
219,3648,8054399133,1
1228047,1901,861986812,5
776,289,717815323,34
14,995,523142926,2
0,37111,31514548,1
396,Cryptonator.com,280558073,2
Poloniex.com,1879,600467030168,2
Cryptonator.com,35,20260180,2
354,7787,5259180024,5
70036708,49,81160001,1
Cryptonator.com,29,2316878,2
57,811,11151791,1
354,999Dice.com,24592414,1
73072530,44,3697047,1
Cryptonator.com,Bittrex.com,20109169,3
Cryptonator.com,129,1155651,1
69199627,Cryptopay.me,323168094,1
35,YoBit.net,15420169,2
46590,275,9882595,1
354,859,4500666038,6
74304268,71293598,2232525140,1
456,29,32403242,2
33117,158,5625775052,4
MoonBit.co.in,3368,262031582,1
340,BTC-e.com,107404104,2
1228047,Bitstamp.net,67568973,1
MoonBit.co.in,995,641523408,3
69303612,44,809580,1
0,72603429,1141726,1
848667,292,215138859,1
227,YoBit.net,2772331,2
Poloniex.com,CoinTrader.net_LocalBitcoins.com,38559026965,4
776,94,20587232,1
354,331,3347181632,4
70037420,162,501431458,1
51,71082706,17104658,1
801,122,21296758,3
SlushPool.com,1151,2704504688,2
0,233,26838766,4
Bitstamp.net,44,11472287651,4
5714831,801,517251646,1
65,35,25656346,1
354,391,7697580722,8
20,398,463383094,3
71032337,9,35446235,2
MinersCenter.com,74329159,1230049761,1
74304268,Paymium.com,872502432,1
776,70114969,27080918,1
4810,BTC-e.com,404486275,4
7277,39,5460,1
0,820287,655055,1
SlushPool.com,Bittrex.com,4361813874,3
Xapo.com,BetMoose.com,20603208,1
Loanbase.com,2899,17466955,1
58267,Bittrex.com,23960686,1
916927,4,535166,1
YoBit.net,129,48833045,5
0,227,1675622,2
71624909,ePay.info_CoinJoinMess,1303351761,4
219,PocketDice.io,9214106917,1
71005795,49,2391486,1
71894967,44,126588613,1
1612,BitoEX.com,18089712589,1
27914256,LocalBitcoins.com,1097605694,1
Poloniex.com,157,22349238763,1
1228047,108,109669676,1
72288807,BTC-e.com,635622,1
126,1090,82441059,1
Cryptonator.com,0,4199421,4
0,1098,16496720,1
Poloniex.com,733,33510988984,1
71554939,275,467392094,2
36350,BTC-e.com,101198503,1
354,33847,1035393785,1
70507992,860,6733783,1
70664938,44,14276935,1
87610,MercadoBitcoin.com.br,1499187502,10
71371555,29,63842914,1
74304268,CoinGaming.io,24189819874,5
HaoBTC.com,BitoEX.com,415341,1
73728662,44,892150,1
0,74251985,4408284,1
87610,69,9526721,1
60,745,2700129046,9
396,YoBit.net,3140968822,1
152121,14,971677313,3
1654888,152,3153600921,7
Bitbond.com,13398,30893643,1
276,29,1405520947,2
70271833,1075,4762166,2
14,69537350,2337349331,1
129,354,201407814,8
SlushPool.com,GoCelery.com,2772243010,1
1228047,999Dice.com,1353290733,7
2566,39,729924910,2
18553978,163,18918818,1
3535,3571,3999954200,1
14,859,8191247545,17
8557,340,16236599,1
73020151,44,1843641,1
354,Bitstamp.net,21382432100,22
MoonBit.co.in,14877688,343851920,1
108,883,3742548,1
23878,29,110175200,1
391,Cryptopay.me,2766879,1
1228047,1622,788393078,4
354,1306,1259930978,1
0,860,76421791,16
20,Cryptonator.com,630868007,1
31750878,BTC-e.com,4703409,1
73151148,44,1914198,1
0,73544837,2959320,1
20,69356910,419432177,2
Poloniex.com,4075,206819719974,3
22823356,44,3483983,1
SlushPool.com,391,4262996386,3
999Dice.com,YABTCL.com,22554301,1
152121,29,2794799540,12
Xapo.com,32567,53687772,1
71554939,234,419145632,1
14,HitBtc.com,238222215,3
Bit-x.com,BTC-e.com,598887036,2
0,3208,1606178,3
129,29,14604217,2
0,497,4885763,2
MoonBit.co.in,33444,343851920,1
163,491,6301560,1
26220,61,25299951551,72
Poloniex.com,544,5478252279,1
ePay.info_CoinJoinMess,YoBit.net,334674311942,22
14,1123,4989453,1
1316,94,182166438,1
Poloniex.com,491,1342101246416,14
ePay.info_CoinJoinMess,CoinJar.com,241431009,1
74304268,20761,4590552950,1
20,432,15716427168,29
ePay.info_CoinJoinMess,170,87932386212,30
39,BX.in.th,969926435,1
33951803,BTC-e.com,71552881,1
Cryptonator.com,513,13287710,10
SlushPool.com,CoinJar.com,2772243010,1
4833806,Bittrex.com,142222849,3
872,39,2200396351,1
219,MercadoBitcoin.com.br,31505380409,6
70404041,491,125621177,1
ePay.info_CoinJoinMess,29976439,20851697963,1
5162,28927,40816696687,1
BTCJam.com,2899,12114668,1
1228047,348,186517567,2
9749,101,1549940000,1
72734063,ePay.info_CoinJoinMess,5597430,1
25250970,96,5972880,1
72943763,999Dice.com,244922664,1
1391,264218,2106756,1
20902,HaoBTC.com,1139859272,1
157,Cubits.com,313146671,31
354,35,9702417668,9
354,47678,1409537473,1
33117,2683,2812887526,2
70534680,14,23916172,1
14,70193855,843411000,1
Poloniex.com,223,4966750650014,23
117,Xapo.com,16460383,7
Poloniex.com,23763,1233418400543,6
1654888,MercadoBitcoin.com.br,6642233464,13
Rollin.io,421,8124528,2
662,Xapo.com,7940471,1
1316,Poloniex.com,10611745095,4
4833806,YoBit.net,2272374284,4
13153437,58102,2325508,1
69827719,74042229,125729199,1
Xapo.com,BX.in.th,13651651,3
387,Poloniex.com,511493804,1
73126935,44,12133230,3
Xapo.com,FortuneJack.com,123885233,5
0,544,120099788,1
ePay.info_CoinJoinMess,117,143001116,1
1450,Poloniex.com,7206794,1
39,139,3346225914,3
662,2214,30857951,1
35,883,4747400,1
20,73231837,243361238,2
70193816,7345,11950000,1
YoBit.net,163,5534988,2
354,5162,1245928690,1
0,3934,8449829,3
73461956,70298531,3170881660,1
0,732,12839284,4
71370656,BTC-e.com,21955644,3
SlushPool.com,Hashnest.com,7035239396,4
CoinJar.com,BTC-e.com,272977610,1
ePay.info_CoinJoinMess,1149,143001116,1
74304268,158,56486103314,11
69906500,69304400,34969006,1
102,SatoshiMines.com,2793221,1
136283,BTC-e.com,12907140,1
0,72051252,173206,1
64740,94,29576827,1
5714831,0,4979448064,9
26587,29,834832548,6
117,391,184852,1
MoonBit.co.in,777,136673592,1
432,4,5383294,3
1120,0,103365911,1
1612,OKCoin.com,266439817764,25
Poloniex.com,735,33145368979,2
20,71005392,1497852069,2
4833806,107,176977938,3
MoonBit.co.in,CoinJar.com,343851920,1
999Dice.com,157,4907561,1
Poloniex.com,61,515557159431,12
4823363,275,49990000,1
354,Cryptopay.me,30243363517,34
354,87324,1501896140,1
69670966,72760355,308643966,1
129,91,266409184,13
848667,1450,341261875,1
233,BTC-e.com,305000126,2
Xapo.com,284,323663164,6
833,860,23772300,1
72865369,Xapo.com,2037334,1
163,Xapo.com,54025032,4
73702137,4403,10061640,1
864,8874080,16234827,1
41701,4,234726859,7
Xapo.com,MoonBit.co.in,4599963,2
Poloniex.com,523,1131322886510,9
39,387,1999909415,1
Poloniex.com,FYBSG.com,471857516171,2
848667,227,577653735,3
ePay.info_CoinJoinMess,2545,41703395926,2
17880,0,330197828,1
69697250,60,4452765755,1
354,217,913075839,1
1272,0,9359754,1
4689,107,170816645,4
776,275,42285860,2
117,BitoEX.com,123326465,2
5026,3732,246189021,4
137143,BTC-e.com,3533643,1
74011537,69,11304262,2
131,999Dice.com,6975342,2
49,29,2800000000,3
Poloniex.com,276,920540672081,10
20,FortuneJack.com,24050035598,45
ePay.info_CoinJoinMess,44,60919827,3
70272383,0,950799477,3
801,170,1377001,1
175,YoBit.net,101023271,1
MoonBit.co.in,1805,240653683,1
Bitstamp.net,859,250140754,1
27914256,158,189734958,1
73151810,44,30471282,1
Bleutrade.com,39,18516131,1
0,122,54237540,3
1566,1215,56867621078,6
1228047,777,234614103,1
2218,767180,11211187,1
7655,TheRockTrading.com,2047988400,1
107,157,36691095,2
26220,354,386012073,1
Paymium.com,Poloniex.com,650023936,2
73780317,61,173759190,5
SlushPool.com,1566,1330375228,1
35,Xapo.com,2431770,1
4689,OKCoin.com,54930345,1
398,421,7973828,1
5162,354,40816696687,1
70796582,71842691,61352441,1
Bit-x.com,158,26724840,1
Xapo.com,269,24523333,2
70558361,Poloniex.com,17310816,1
74304268,162,39922022725,6
Xapo.com,Luno.com,4425908188,36
74304268,20,4307754731,3
64740,35,29576827,1
354,Vaultoro.com,847800691,1
129,94,3949567,1
70167555,72154581,38093,1
864,39,1950009,1
126,Bitstamp.net,1669945992,1
Cryptonator.com,995,100000,1
ePay.info_CoinJoinMess,387,375330563334,18
776,72524435,21698628,1
14,Bter.com,4762100,1
YoBit.net,28460937,57721552,1
8633,276,82388000,1
PocketDice.io,BitBay.net,1052832,1
Poloniex.com,70141007,425551011170,2
354,18972,712962382,1
777,0,1096209,1
3690470,157,8394427268,4
70063369,0,298695234,1
189,151245,14068405,1
94,LocalBitcoins.com,15724424,1
69461519,11401,613165920,1
157,60,4891922,1
Bitstamp.net,0,5153739868,4
19626,Bit-x.com,71385404,2
PocketDice.io,152,34599473,4
152,396,20927603097,53
1316,14,9828985969,9
2387,BTC-e.com,20631245,1
BX.in.th,39,9439173920,4
ePay.info_CoinJoinMess,LocalBitcoins.com,62555093889,3
4,170,179380618,4
289,29,1238167464,2
1654888,Cryptonator.com,9802578737,18
61,0,13060000,1
4689,BTC-e.com,135266325,3
4075,49,2705398,2
101,91,12597179,1
71790459,44,3477366,1
14,883,12209392035,28
20,860,17838450908,22
MoonBit.co.in,3077,502685265,2
72907925,2230,1846341,1
74304268,3273,2745006254,2
238,131,100750027,1
70848224,44,4259240,1
ePay.info_CoinJoinMess,283,1144466,1
354,3578,1065172618,1
Poloniex.com,SatoshiDice.com,172765914498,1
SlushPool.com,2683,2772243010,1
4,1123,22041900,1
0,71266954,4399244,1
70455666,860,42610442,1
354,10497631,1191218101,1
YoBit.net,CoinPayments.net,1597316,1
87610,0,79346838,3
105520,29,1855495374,10
70272383,801,230588366,1
20,71476744,445116871,1
5432877,BTC-e.com,27389520,1
354,1575,2593417002,3
150953,891,158202839,1
6300,29,11928500,1
396,14,2753106034,14
750,387,32145049,4
1228047,421,1106839361,5
69383113,70795615,31018270,1
598,29,4829351,1
22457176,1090,67372382,1
4,39,108860137,2
2218,YoBit.net,38948460,4
0,391,3385897,4
5714831,BTC-e.com,735461080,1
Bit-x.com,491,10609399,1
72943763,2189,247623966,1
776,777,20587232,1
14,71397190,47801672,2
1049,60,699293134,3
0,CoinApult.com,53254145,1
4833806,SatoshiMines.com,49338941,1
Poloniex.com,LakeBTC.com,3390774375,1
71624909,331,307194601,1
YoBit.net,Cubits.com,8685423,2
5714831,CloudBet.com,15381437,1
234,Poloniex.com,42106629,1
14,4,121675161911,284
20,2189,314260655,1
OkLink.com,3980,101000005,1
641,163,3713273,1
0,891,4259318,1
4833806,BitBay.net,51761652,1
1654888,50299,102194169,1
Cryptonator.com,354,5300911,3
1138,Cubits.com,7410934,1
157,BitcoinWallet.com,23071096,1
1228047,YoBit.net,157124350,1
MoonBit.co.in,3820,343851920,1
Xapo.com,122,47321348,2
150953,139,158202839,1
35,65,8379321,1
72052102,Poloniex.com,8194786,1
72733939,ePay.info_CoinJoinMess,1625880,3
73413250,29,47459381,1
44468996,289,4152880,1
ePay.info_CoinJoinMess,227,21029840540,2
72315025,4,38044732,1
Bit-x.com,1450,300280879,1
432,CloudBet.com,3003510,1
33117,42040,2812887526,2
PocketDice.io,102,1269303,1
163,74251827,8023299,1
20,1004,922462536,2
5026,Cryptonator.com,28291387,1
2323,122,1999909200,2
74304268,MercadoBitcoin.com.br,9843558514,2
69982105,860,7510810,1
39,269,4078162,1
ePay.info_CoinJoinMess,55244,20851697963,1
72128340,5026,17462165,1
93141,175,3068090400,1
354,70429872,1191218101,1
70822642,69,7323227,1
Poloniex.com,3211,1308149005213,14
Xapo.com,154,33794875,3
ePay.info_CoinJoinMess,126,41703395926,2
20,1235,79539112,1
33240533,811,12980592,1
Rollin.io,107,2483050,1
Xapo.com,Hashnest.com,137553500,3
864,Poloniex.com,56376690,1
73153283,70638973,6978542,3
35,16669,19969210,1
70063197,29,10829280,1
541285,72156430,51011455,1
0,CoinTrader.net_LocalBitcoins.com,33060099,3
252,CoinPayments.net,400000,1
33117,Poloniex.com,16877325156,12
57,58102,37067528,1
5162,1566,571433753618,14
3690470,Poloniex.com,7416100692,4
129,162,683349096,7
14,Coinmate.io,204587941,1
396,162,3067228905,2
833,39,73418038,1
1654888,99748,73572153,1
5540,Cryptopay.me,599900000,2
340,Poloniex.com,39320552,3
74304268,Bter.com,13231495361,3
29122317,0,1150852,1
276,6748,4961200000,2
234,170,2200693,1
289,ePay.info_CoinJoinMess,18294227,3
276,BtcTrade.com,16787522,1
74304268,871,128325746,1
189,94,22665261,1
20,69383050,407722564,1
72367940,73153283,306615164,1
MoonBit.co.in,Bter.com,824377432,3
72025745,811,11253568,1
267689,ePay.info_CoinJoinMess,399959208,1
354,29478,1191218101,1
848667,1904048,304828977,1
30261,29,819195858,1
MoonBit.co.in,Cex.io,1801999024,8
1654888,Luno.com,4756762981,13
1654888,91,2175011940,4
71110396,0,3815142,1
20,69591248,101327349,1
72576705,49,1178520,1
11211025,0,100000,1
72524767,BTC-e.com,22244897,1
69199627,29392,323168094,1
0,51,42052801,6
848667,14,2491448894,5
71005392,4238,18752933,6
157,20,3990000,1
87610,170,77430888,1
2218,154,19474230,2
506386,Poloniex.com,54735800,1
87610,Cubits.com,535887199,2
HolyTransaction.com,ePay.info_CoinJoinMess,3849551,1
14,3810,25908851,1
1228047,283,354746653,2
Bittrex.com,74304268,105921738985,22
73256837,286,8343480,1
69539981,69984672,15775380,1
2218,129,11211187,1
Poloniex.com,126,1294082148212,9
ePay.info_CoinJoinMess,732,321143693,2
354,62,775850843,1
Xapo.com,11264,168488570,4
117,1090,68892,1
238,129,2338947,1
354,BTC-e.com,621060855349,640
Cryptonator.com,107,15677486,1
3690470,Bitstamp.net,7171277584,1
776,57,20587232,1
72288994,860,5705850,2
776,35,42285860,2
1654888,733,1420042530,3
37,PocketDice.io,131196333,1
1438008,LocalBitcoins.com,12033233,1
74042229,73231288,16145288,1
71345482,SatoshiMines.com,23792869,2
Poloniex.com,2480,816074168525,5
HitBtc.com,4833806,4877854534,9
33117,4,2812887526,2
Poloniex.com,860,39008345113,1
14,108,84434539,3
1228047,LocalBitcoins.com,755097183,4
0,108,10664670,14
1228047,10054,445495519,3
1228047,39,193901990,1
72576975,1347,99408580,1
72917838,44,4951420,1
70403432,227,799947900,1
1450,69906500,59800018,1
69381951,0,201199,1
94,860,74300798,1
391,354,1960907,1
SlushPool.com,19298,1398188251,1
354,995,2755840132,3
HaoBTC.com,284,2093581,1
768,60,106143000,3
276,417,29076518,1
107,74173417,10815204,1
72156430,29,40167594,1
73884704,44,11816722,2
33074938,1123,3400000,1
7277,0,16380,3
0,73153284,954800,1
Xapo.com,891,168448000,1
72446493,70010830,25981236,1
Poloniex.com,Kraken.com,1221975543351,16
56264,269,4992806,1
42514696,BTC-e.com,18858600,1
6300,860,4945600,1
94,60,1783129,1
57,0,12944874,4
71895491,163,50246444,1
2480,BTC-e.com,49414750,1
1228047,157,447800903,3
74252166,276,12958204112,1
BlockTrades.us,3820,1041036,1
Bitstamp.net,73590338,594971980,1
801,391,12409276,1
1228047,PocketDice.io,2544328711,15
Poloniex.com,6931,22591326539,2
Poloniex.com,72707854,273097931599,1
46590,170,21011213,1
ePay.info_CoinJoinMess,91,66955890617,31
1228047,189,1196699951,2
999Dice.com,170,1585183,2
354,10438691,1065172618,1
1228047,2238,474825422,1
CoinJar.com,Bittrex.com,123528723,1
139,Bittrex.com,23847826487,10
354,733,21321237338,23
69697250,LocalBitcoins.com,13672890000,1
219,SatoshiMines.com,11096685018,2
BX.in.th,29,866324244,3
1306,Poloniex.com,48901230,1
Poloniex.com,Hashnest.com,721327946395,9
1228047,491,222442595,2
74304268,57,5447802007,1
107,35,3874090,1
2218,152,50159647,5
0,70037420,23402725,3
5509,4,29490544,2
60,20,22131624926,5
14,700,1981920498,6
387,860,7918179,1
0,942,1227510,3
70037420,69775867,99950000,1
51,108,2669708,1
73022110,CloudBet.com,4386640,1
0,170,8156067,16
60,23763,70864568444,1
0,879,8857248,1
46590,158,443220651,1
157,432,338056718,6
60,ePay.info_CoinJoinMess,10964416,1
ePay.info_CoinJoinMess,605,62555093889,3
94,BitcoinWallet.com,94920512,1
72943763,PocketDice.io,249990845,1
74094855,44,1816224,1
8874080,5478,8418239,1
1654888,71293795,878133608,1
3211,163,206589331,1
2230,348,3790827,1
Bitstamp.net,163,8472548059,7
354,387,1245928690,1
1654888,1450,310131126,1
ePay.info_CoinJoinMess,33351,20851697963,1
74304268,811,24321552184,4
189,289,6715025,2
14715470,44,401384,1
101,387,242284473,2
Bitstamp.net,35,134894259,1
Xapo.com,348,19440000,2
354,BitKonan.com,2090657681,2
354,970890,2911433613,2
14,Poloniex.com,23285408570,56
4267699,29,123105880,1
776,421,111652638,5
69278079,71528798,10992682,1
269,56136627,4266365,1
20,Xapo.com,4633484114,9
263,6271,13775600,3
101,774,2339709,1
71554951,49,6489143,1
71137165,49,22897482,2
87610,2899,13609759,1
354,MaiCoin.com,953064857,1
SatoshiMines.com,777,19700939,1
39,695,123911467,1
MoonBit.co.in,BlockTrades.us,240653683,1
101,Poloniex.com,2537250,1
58809,0,8016011,1
CoinGaming.io,1123,2706463,2
39,BTC-e.com,116438189106,8
Bitstamp.net,4,9792770364,1
776,BitcoinWallet.com,21698628,1
MoonBit.co.in,615198,343851920,1
14,223,21336154900,40
20,BitVC.com,103512789,1
69984656,71241232,4874447,1
354,11582,998427788,1
SlushPool.com,35,2772243010,1
MoonBit.co.in,Cryptonator.com,42564856300,177
4,9,788358566,19
18553978,4,1153316923,21
129,2396564,4142646,1
61,HelixMixer,18000001,1
94,0,20191144,1
24414,Poloniex.com,70587536,1
SlushPool.com,107,35847706742,20
2479,Xapo.com,1105283,1
39,131,31814355848,6
Bitstamp.net,417,8846929526,1
1622,Xapo.com,5247460,2
7277,815,16380,3
MercadoBitcoin.com.br,9749,17165000021,20
0,6246,19307752,2
417,106268,160097952748,12
354,TheRockTrading.com,1718207153,2
2812638,70246061,8321401,1
14,497,1481958924,4
24439,BTC-e.com,19246548,1
20,139,138458193,1
69199627,4,323168094,1
2055,331,41693470,3
94,Cubits.com,3760680399,12
Poloniex.com,46590,1182639072062,9
Xapo.com,69,3619318,1
33117,HolyTransaction.com,2812887526,2
MoonBit.co.in,BitcoinWallet.com,6250878158,29
74304268,391,2425701496,1
4,2479,19759264,2
108,4,35500083,2
SatoshiMines.com,MercadoBitcoin.com.br,20037199,9
Bit-x.com,91,171639615,1
848667,MaiCoin.com,457224158,2
5801,275,410547217,1
0,96,21742245,13
848667,170,977837917,4
57,60,30395636,2
PocketDice.io,801,1098152,1
20,999Dice.com,3797218213,12
20,74041281,103880945,1
1228047,94,2864722184,9
4,94,42244010,1
SlushPool.com,MercadoBitcoin.com.br,1398188251,1
354,16621,1004902996,1
72943763,4,492546630,2
81224,Luno.com,1288039,6
27914256,72577133,5157723048,1
2387,Poloniex.com,99964970,1
0,735,102880,1
74199571,44,858490,1
391,491,1343560,1
BX.in.th,Kraken.com,2499678870,1
66961,45000,50094151719,1
SlushPool.com,BitoEX.com,2099410191,1
1123,189,3525227,1
7345,275,146644592,6
20705,1566,8883686,1
999Dice.com,FortuneJack.com,8329741,1
72183528,29,147804497,1
391,275,4522738,2
354,74147564,913075839,1
152121,Cryptonator.com,805112450,1
916927,421,858386,1
72445114,58102,3315600,1
MoonBit.co.in,69226203,343851920,1
396,170,864099503,2
ePay.info_CoinJoinMess,491,128713313,1
33117,290,2812887526,2
74304268,6300,3517198316,1
70219981,72576705,3074040,1
Paymium.com,60,325011968,1
72445697,108,1665961,1
14,1450,1197884652,4
18203512,354,3836905,1
219,74304306,27674482891,2
SlushPool.com,154,1534432907,1
999Dice.com,17787,12500,1
58992420,44,11450880,1
219,SafeDice.com,9217039261,1
SlushPool.com,189,1534432907,1
Bitstamp.net,BTC-e.com,4781134504,3
189,91,32912571,3
20,69,3512484143,3
20902,276,2140132944,1
629,298,1480813,1
MoonBit.co.in,ePay.info_CoinJoinMess,33472521997,128
89337,29,52659617,1
69722922,44,519144,1
73519225,2895,2855463,1
848667,Bitcoin.de,1646738286,5
219,ePay.info_CoinJoinMess,10789088904,2
391,BTC-e.com,4201963,2
14,8633,1147383779,2
SlushPool.com,284,1534432907,1
35,Paymium.com,1925408,1
154,ePay.info_CoinJoinMess,8351866,4
14,71921412,59953737,1
72890178,859,57298900,2
70403819,49,36222753,6
MoonBit.co.in,PocketDice.io,867915084,3
70167555,73414517,118057,1
801,Luno.com,10492062,1
2218,Bitstamp.net,9737115,1
Poloniex.com,96,10790275401,1
SlushPool.com,162,4102618238,2
74304268,340,55524157475,12
848667,152,427968761,2
MoonBit.co.in,700,398705174,2
4,Bit-x.com,243883958,1
37804,29,50198444,1
72312416,Luno.com,791250,1
189,BTC-e.com,101018539,1
67927,BTC-e.com,265689426,2
SlushPool.com,CoinHako.com,1276387714,1
Xapo.com,44,36830672,5
126,Poloniex.com,110043677,3
51,158,31967406,2
1654888,157,1737233938,3
Xapo.com,263,2534000,1
23878,61,50362400,1
298,BitoEX.com,21165195,3
72419695,9,1569792,2
64740,HaoBTC.com,29576827,1
SlushPool.com,BTC-e.com,19492222345,11
Poloniex.com,35,4864570184186,35
139,60,2568564369,1
73937528,70011173,18478158,1
71293182,999Dice.com,729960,1
776,331,152827102,7
60,CloudBet.com,1582908253,1
MoonBit.co.in,536,240653683,1
354,20,5504556203,6
Bitstamp.net,Xapo.com,58093966241,4
2575,162,62991639,1
72023269,44,4678185,1
ePay.info_CoinJoinMess,CoinHako.com,41703395926,2
8633,72051252,70953896,2
154,Bter.com,6084081,1
69173521,BTC-e.com,10765187,1
14,44273792,11398229,1
70979323,14,52472880,1
Poloniex.com,3651,25729944050,2
Poloniex.com,39,4047564723797,32
848667,Paymium.com,613669939,1
152121,472,33819195,1
217,421,9788384,1
1654888,331,1270998682,2
70272383,Cryptonator.com,191179963,1
71554939,Cryptonator.com,1100865428,5
354,Bter.com,12045723708,15
71581211,29,10029680,1
189,154,7055924,1
8241,39,501246783,1
71554939,Bittrex.com,67851728,1
PocketDice.io,60,1090227,1
217,MercadoBitcoin.com.br,10984751,1
CoinGaming.io,163,8000162,1
1612,Huobi.com,541110027090,51
105520,286,469060805,6
72207026,4,552120,1
SlushPool.com,497,4306675917,2
0,73310275,5981386,3
73336444,69,4235964,1
1654888,LocalBitcoins.com,961071439,1
ePay.info_CoinJoinMess,29,230745278022,26
1432,163,1319849,1
33117,Bitstamp.net,2812887526,2
354,1151,1068196698,1
108,60,1851310,1
74304286,Poloniex.com,1189966868,1
61,Matbea.com,406966881,14
Xapo.com,1149,64910000,1
354,48860,1409537473,1
776,37,173414334,8
Poloniex.com,1123,1885910008466,10
Bitstamp.net,89337,714206209,3
Poloniex.com,14,3520567299562,27
Poloniex.com,102,200347214011,5
BtcMarkets.net,29,259966793,1
776,1450,63984488,3
60,37,1061936824,2
0,12720,253843766,2
61,5026,36468504,3
69383113,73415043,7003502,1
61,LocalBitcoins.com,34223592,4
1228047,1316,426460279,2
33117,94,19690212682,14
71032223,Poloniex.com,7842273,1
2218,35,9737115,1
864,Bittrex.com,9142597,1
0,SwCPoker.eu,10054655,5
14,11450149,137238824,1
20,157,817598372,2
72681482,61,1488765881,15
Poloniex.com,777,391907069318,2
5800,20,36332849,1
276,OKCoin.com,5098663967,1
238343,72837895,14363390,1
14,417,4350190251,11
70063369,170,627969610,1
Poloniex.com,776,90797412442,1
22457176,Cubits.com,101301350,2
69827602,Cryptopay.me,1972880,1
PocketDice.io,233,1035080,1
Bit-x.com,61,20474741,1
33117,Bit-x.com,2812887526,2
776,Luno.com,69366778,3
1654888,BTC-e.com,1448556144,3
2173760,BTC-e.com,72324160,1
131,162,977771979,2
20,811,14577600351,17
53061831,871,6268642,1
4,432,2053025,1
73963643,71869225,2179600,1
69199627,Xapo.com,1939008564,6
354,19381,868335956,1
70114969,Cryptonator.com,437327,1
219,Bleutrade.com,4756411265,2
75,0,74262445,1
28669643,73493149,2002880,1
71790520,289,110772273,1
MoonBit.co.in,158,3393382457,13
ePay.info_CoinJoinMess,BitcoinWallet.com,41944826935,3
20,73205038,499825458,1
14,71659840,37369136,1
20,0,33778907799,31
1654888,BX.in.th,3744579690,8
70115038,7277,32760,6
801,275,24224800,1
94,Luno.com,2904711376,2
71085043,44,17637818,2
4689,4,54930345,1
2218,BX.in.th,48685575,5
60,Bitstamp.net,2020276967,3
139,276,2830701697,1
Rollin.io,14,1101802,1
0,72183338,12939636,1
24414,61,8700730660,27
354,893,1892150492,2
131,152,770946,1
117,91,63455,1
107,SwCPoker.eu,3606472,1
CoinGaming.io,SafeDice.com,3506526,1
Poloniex.com,62,10533253884304,57
864,0,7682757,1
4833806,CloudBet.com,58639446,1
39,37,56002723,1
152121,175,854517590,1
421,396,15303504253,53
0,432,859220734,29
60,72524694,528895050,1
46590,999Dice.com,97166356,1
YoBit.net,162,300000000,1
276,2214,2215439,1
1228047,ePay.info_CoinJoinMess,2030338293,6
1228047,62,18661544160,69
14,7366,372899158,1
5714831,157,3893551535,5
598,1904048,3050635,1
219,0,16875188524,2
101,391,2619247,1
1120,72130679,103365911,1
57,29,52288429,9
821,Poloniex.com,80695192,1
0,YoBit.net,103118430,19
276,223,164940000,1
33117,92587,2812887526,2
354,777,875623859,1
MoonBit.co.in,94,2003689385,11
2218,91,40422532,4
MoonBit.co.in,129,721179195,3
74304268,44862,12355006970,4
71995051,44,8386422,1
0,Bleutrade.com,137798,1
32634249,44,2331069,2
3211,14,202215063,1
746299,HaoBTC.com,56554806432,3
189,MinersCenter.com,1264879899,13
69827719,73936949,83557161,1
879,417,120560948,1
70482022,0,460918,1
354,2683,791909387,1
0,1138,29741492,12
74304268,BTC-e.com,382811345359,85
0,Bittrex.com,1583398641,85
7645,0,3370634712,4
20,69670966,5283161899,3
Poloniex.com,283,20017837431,2
1622,152,112076708,6
73048424,61,1206184,1
14,131,10320459490,28
Xapo.com,61,12534324,2
22457176,275,6949276,1
289,HitBtc.com,81341106,1
776,152,232016532,11
69199627,ePay.info_CoinJoinMess,323168094,1
1654888,833,236297383,1
1228047,65,182101580,1
Poloniex.com,700,4099974900,1
74304268,2899,8491811203,3
4833806,Cryptonator.com,26202544,1
Bit-x.com,Bitstamp.net,2000142513,1
ePay.info_CoinJoinMess,74173402,1807237,1
69199627,91,323168094,1
105520,108,7956383,1
Poloniex.com,HelixMixer,378025381472,2
ePay.info_CoinJoinMess,28927,20851697963,1
354,195512,914833261,1
20,73571556,107799611,1
71868073,ePay.info_CoinJoinMess,17997800,1
Xapo.com,1575,36157057,3
354,1622,953064857,1
126,71032337,525779429,4
4,CloudBet.com,1537041798,72
Bitstamp.net,60,70695775544,6
1228047,284,815250942,4
Xapo.com,29,1891454042,52
BitcoinFog,456,3498159949,33
71579237,69,6340526,1
74304268,HelixMixer,2854746646,1
Xapo.com,Cubits.com,1333914071,26
20,YoBit.net,107207773,1
60,YoBit.net,4141966348,2
72130719,69278242,12835320,1
2374316,283,89298723,3
70508141,72837895,6083405,1
354,292,59934753428,62
61,158,152764858,5
72865059,44,12482602,1
14,Cubits.com,3377076512,4
1142085,275,60759641,1
4,117,25986151,2
1123,0,25912376,2
Xapo.com,46590,8019574,1
0,22146176,1353789,1
74304268,CoinPayments.net,25633626571,2
14,69958439,35296590,1
74304268,29,139770769971,39
5162,563,40816696687,1
0,1316,57802689,7
5540,284,299950000,1
432,29,40706147,3
107,CloudBet.com,578464,1
25052,BTC-e.com,26806430,1
233,ePay.info_CoinJoinMess,1300001,1
1227,1872,54594177,2
354,220232,1108994774,1
139,ePay.info_CoinJoinMess,3188687727,2
BitcoinWallet.com,26200,500000000,1
2218,233,59896762,6
1654888,74250503,109749994,1
37,170,129011098,1
916927,29,1328566,1
70272383,629,262516705,1
14,227,6115217,1
YoBit.net,444,13675021,1
73936734,44,1704185,1
4,14,1453535150,69
3580183,942,4195830,1
Xapo.com,4,4031913255,60
Poloniex.com,879,1123401765260,3
14,491,5915633164,18
YoBit.net,61,47332582,11
14,3531,3039601867,22
Xapo.com,267,53687772,1
26220,Matbea.com,72055924,1
33117,CoinTrader.net_LocalBitcoins.com,5625775052,4
219,275,73394497511,9
39,TheRockTrading.com,12136009153,2
Poloniex.com,24493,3021116365,1
102,107,6889236,1
71005889,49,2948388,2
69775442,49,4009066,2
129,Bittrex.com,229859228,3
189,Bittrex.com,533954304,8
Rollin.io,129,15008654,1
43431,Xapo.com,18606813,1
5162,2184,81633393374,2
Xapo.com,315,66702124,1
Xapo.com,163,147496822,11
Poloniex.com,563,25920018110,3
1228047,Poloniex.com,5483160109,26
131,Cryptopay.me,18591000,1
1228047,129,240860765,1
72944130,29,200028383,1
Poloniex.com,162,1094954095758,12
Xapo.com,578,100868615795,15
74015893,Cubits.com,12669098,1
639,MercadoBitcoin.com.br,4381265,2
23564121,74015866,105187957,3
14,OKCoin.com,11176220,1
Poloniex.com,71868073,30477080759,1
HaoBTC.com,223,10273463,1
CoinSpot.com.au,Poloniex.com,3640344,1
1138,CoinTrader.net_LocalBitcoins.com,14137434,4
YoBit.net,14,555027356,4
2218,289,267905710,26
444,SatoshiDice.com,60572160,1
70848906,29,75083575,1
776,234,85683116,4
163,VirWoX.com,6051440,1
Poloniex.com,31767,19794852978,1
20,70404020,351591298,1
2166,29,282929061,1
Xapo.com,421,458967147,4
1612,387,56184474873,5
999Dice.com,Cryptopay.me,20000,1
14,Bitstamp.net,1081786721,5
71624909,107,3462304223,11
11959,51,29182496,1
71624909,Xapo.com,7376632550,23
60,TheRockTrading.com,748228033,1
1228047,152,3765947615,12
14,916,124005811,2
MoonBit.co.in,MaiCoin.com,2560207600,9
72574972,44,5017500,1
20,70141457,720479005,2
154,8096,55716401,1
108,999Dice.com,1359730,1
102,Bittrex.com,10333527,2
33117,833,2812887526,2
YABTCL.com,289,895275694,1
61270460,Matbea.com,9684615,1
35,5026,14994763,1
71624909,999Dice.com,658799426,2
238,162,17630671591,5
14,641,35296590,1
292,Hashnest.com,1933180,1
71624909,MercadoBitcoin.com.br,646545704,2
157,49,25174818,2
71554939,14,199703686,1
73519225,44,1679298,2
4661129,CloudBet.com,1087721,1
4,Bittrex.com,648974870,11
MoonBit.co.in,375475,377327275,2
1330,289,1124149,1
7751494,Cryptopay.me,9960117,1
0,1332,98708380,1
219,Bittrex.com,7284788940,1
MoonBit.co.in,37,2164564667,11
523,864,3709697480,58
71162539,Xapo.com,555348847,3
387,39,1721982827,1
189,1622,343472275,6
14,BTCCPool,312429174,2
189,421,292513923,2
Bter.com,32068,10001046227,1
848667,Cubits.com,252553292,1
2218,37,32159489,3
432,20,51001510,1
CoinGaming.io,29,120004226,2
72891494,Cubits.com,7462330,1
20,74015213,141074137,1
139,0,2976587037,3
20,340,99848864,1
YABTCL.com,0,1799306862,2
SatoshiMines.com,371,53039218,35
Xapo.com,37,1092129639,24
71293795,175,5712110,1
MoonBit.co.in,BX.in.th,4223542714,19
4,BX.in.th,1898127627,29
227,391,1348865,1
MoonBit.co.in,60,1041733893,6
74042229,69722791,38924823,1
117,815,5013810,5
71162493,49,4130170,1
72786585,29,32172880,1
MoonBit.co.in,Hashnest.com,524063164,2
801,4,62427488,8
71554939,2899,183025907,1
776,348,48779546,2
1120,292,103365911,1
ePay.info_CoinJoinMess,163,8965814,2
SatoshiMines.com,62376,5440151,3
14,81224,2713445538,5
MoonBit.co.in,284,2277579973,8
Xapo.com,Poloniex.com,4120381039,102
74304268,3576172,8367625641,1
ePay.info_CoinJoinMess,CoinTrader.net_LocalBitcoins.com,83411806821,5
74252186,29,83784295,1
74304268,73100528,7351254299,2
Poloniex.com,432,593232968595,4
7035146,YoBit.net,22972880,1
3077,39802,30672387,3
1612,Bter.com,82863981517,8
4,641,5994072,1
4,62,96270445,3
354,1298156,777838053,1
354,72498745,1108994774,1
Cryptonator.com,18946,135000,1
Bitstamp.net,HelixMixer,134894259,1
SatoshiMines.com,0,18694766,12
37,Bittrex.com,1250493142,3
5714831,CoinGaming.io,93262809637,16
YoBit.net,ePay.info_CoinJoinMess,59649437,3
1228047,OKCoin.com,201999404,1
1236,Bitstamp.net,71564192,6
74304268,217,58421868653,13
71555085,BTC-e.com,11504932,1
22183,189,6359372,1
276,387,67726559,2
1654888,391,1179527003,2
Xapo.com,Rollin.io,954233058,6
74304268,PocketDice.io,17384196364,4
Cryptonator.com,51,2196011,1
74042229,71032404,10150525,1
69696670,1070,386909211,3
Bitstamp.net,CoinTrader.net_LocalBitcoins.com,7442821141,2
189,4689,21421604,1
74304268,Bleutrade.com,9337690713,2
276,131,2684550000,1
2480,354,23938894,1
238,39,1129954267,3
2218,Cryptopay.me,9737115,1
163,Bitstamp.net,6016574,1
2218,371,129530639,13
39,491,4685621,1
35,269,15696791,4
801,0,377988788,21
Rollin.io,Xapo.com,1362429,1
3219078,860,1998552,1
Poloniex.com,37,3477543710661,18
1654888,56948,502934432,1
11907,Xapo.com,178742700,3
70821514,29,28855020,1
354,199182,979185208,1
BitoEX.com,OKCoin.com,26786603710,14
39802,331,42355950,2
74147394,2230,6125044,1
Poloniex.com,94,2592051383300,38
Xapo.com,Bit-x.com,1345900,1
71554939,62,418533030,1
ePay.info_CoinJoinMess,3120,20851697963,1
69461667,44,3197055,2
14,157,60434687,1
105520,811,50897558,1
ePay.info_CoinJoinMess,HaoBTC.com,2481352057597,119
0,MercadoBitcoin.com.br,45139005,8
71293588,73231614,164472880,1
70272383,CloudBet.com,198474800,1
102,108,21000146,1
348,4,46000067,1
34476,Xapo.com,15980727,1
Xapo.com,1090,198280788,3
13921,563,2404407692,1
639,732,1260096,1
Cryptonator.com,2218,6715328,3
0,19280,5444458720,1
71624909,432,307194601,1
4833806,0,46681411,1
7277,158,5460,1
20,662,613176895,2
1654888,264218,212104966,1
ePay.info_CoinJoinMess,4395,208516979630,10
24414,BTC-e.com,210350456,1
Xapo.com,14,11868302688,197
Bit-x.com,60,3009504075,3
ePay.info_CoinJoinMess,733,342967588,2
340,354,93111956,7
2218,94,11211187,1
776,126,21698628,1
74147619,Poloniex.com,300872880,1
999Dice.com,6252,29985782,1
PocketDice.io,289,4337027,4
999Dice.com,942,70389,1
879,0,325315,1
YoBit.net,Bleutrade.com,8920325,1
995,Xapo.com,7895051,1
289,102,93873125,1
387,1566,58060599,1
15287886,283,887900,1
74330584,Poloniex.com,1457054,1
19280,0,17845797842,1
189,354,20289172,3
117,354,149900173,10
CoinPayments.net,14,8804815380,12
354,75,791909387,1
1182362,275,235662609,5
229519,61,9294166338,9
51,4266,5668028,1
9749,Poloniex.com,599940000,1
71292762,44,4021350,1
74200161,44,4029979,1
20,44,12115752117,26
SlushPool.com,0,388163505722,231
71685787,Poloniex.com,962880,1
69431810,Cryptonator.com,14607600,1
SlushPool.com,LocalBitcoins.com,4102618238,2
139,20,37578838380,20
0,811,17383072,7
0,BitcoinFog,9894346,2
2387,419,1705160,2
213341,833,4242781,1
70403432,Bitcoin.de,588882488,2
11835,ePay.info_CoinJoinMess,7670880,1
269,29,7822828,1
74330584,Luno.com,223597385,2
189,73466284,26118427,2
71895491,29,56172683,1
19138,101,16816564,1
695,158,1963081,1
105520,44,13716752,1
14,21368174,38652492,1
61,BTC-e.com,10582195178,89
Poloniex.com,444,1818121819394,16
74068529,29,24780659,2
HaoBTC.com,OKCoin.com,130115541,2
1654888,BitoEX.com,999950176,1
80393,ePay.info_CoinJoinMess,6019880,1
14710117,BTC-e.com,75173066,3
776,227,43397256,2
776,371,20587232,1
Bitstamp.net,139,43580416631,1
74304268,62,37756433116,12
71554939,Xapo.com,2520581863,15
71554939,107,12058070,1
8204715,61,82847528,16
60407,Huobi.com,4436207226,18
776,29,153938498,7
0,598,14914117,2
22457176,61,19298990,4
315,29,301555606,1
11057473,5026,559331397,1
1654888,131,171462805,1
Bitstamp.net,275,2500941814,1
1316,101,8716755663,2
0,Bit-x.com,4408604,1
33117,39,2812887526,2
69147891,Bitstamp.net,5050000,1
PocketDice.io,BitoEX.com,1623164,1
48009518,0,45009257,4
87610,LocalBitcoins.com,649154,1
2218,4,655916238,66
33117,37,2812887526,2
354,FYBSG.com,712962382,1
354,9244996,1409537473,1
SatoshiDice.com,1316,1691542,1
73622173,0,3332040,1
354,227,53080241515,58
71032223,432,9552010,1
Poloniex.com,Paymium.com,5964760701,1
MoonBit.co.in,4,73660963773,367
14,BX.in.th,6597549072,17
1654888,HitBtc.com,1043289992,2
5509,74252186,65172815,1
Poloniex.com,74276157,335891870022,1
94,57,43951243,2
2545,BTCC.com,1007342,1
102,Poloniex.com,169374510,4
27140713,195,57394464,1
219,158,8020980112,1
20,71554951,765055654,1
Bitstamp.net,189,1450293832,2
74304268,152,23955858486,11
2739281,348,49114827,1
69199627,20,323168094,1
Bitstamp.net,Bittrex.com,92355045785,16
354,39,18772378675,19
1654888,163,255886679,1
289,158,24226459,1
46590,391,6664708,1
35,Cryptopay.me,1133509,1
37,1391,7498450,1
11450149,Poloniex.com,110675280,1
